0	0	0
0	14.4105390000000	0
0	7.24437330000000	0
0	2.82791880000000	0
8.23853200000000	0	0
0	0	0
0	0	0
0	-3.11428700000000	0
0	12.0292240000000	0
7.94299600000000	0	0
0	-3.34963900000000	0
0	2.32740200000000	0
0	0	0
0	0	0
0	2.39195130000000	0
0	1.35677660000000	0
0	10.6781350000000	0
-1.50265090000000	0	0
0	7.52591200000000	0
0	5.94770570000000	0
0	0.987016440000000	0
0	-1.96523510000000	0
0	0	0
0	0	1.49485910000000
0.723251040000000	0	0
0	-3.01521300000000	0
0	-2.84238340000000	0
0	-2.05042600000000	0
0	0	0
0	11.7534160000000	0
0	0	0
-1.65369150000000	0	0
0	0	0
0	0	0
0	-1.13063870000000	0
0	4.77874040000000	0
0	9.50466250000000	0
0	0	0.476772000000000
0	0	0
0	0	0
0	-2.99047100000000	0
0	0	0
0	10.2742520000000	0
0	1.58210310000000	0
0	9.30176900000000	0
0	5.74732830000000	0
0	5.20491000000000	0
0	10.7669240000000	0
0	-1.23614560000000	0
0	0	0
0	2.87941620000000	0
0	3.40033270000000	0
0	16.3284500000000	0
0	-0.0595087000000000	0
0	13.1968680000000	0
0	11.4878650000000	0
0	0.0950066000000000	0
0	-3.25772480000000	0
0	4.95769200000000	0
1.56684970000000	0	0
0	0	3.34056380000000
6.09897100000000	7.94216200000000	0
0	0	0
0	0	0
0	-3.07321720000000	0
-2.90409450000000	6.30494450000000	0
0	0	0
0	3.96341600000000	0
0	-0.102037190000000	0
0	4.50034140000000	5.99129900000000
0	0	0
0	9.33067500000000	0
0	-3.86710600000000	0
0	1.82957800000000	0
0	-1.92399720000000	0
0	1.20933450000000	0
0	0	0
0	0	0
0	2.66455460000000	0
0	-2.61583700000000	0
0	-1.72286370000000	0
0	0	0
0	-3.15426920000000	0
0	0	0
-0.299576220000000	0	0
0	0	0
-2.47243360000000	0	0
1.96450010000000	0	0
2.69842530000000	0	0
0	-1.79482700000000	0
5.53565500000000	0	0
-1.86626460000000	0	0
-1.31100180000000	0	0
-2.95834420000000	0	0
0	0	0
0	11.1639540000000	0
-2.27974600000000	0	0
0	0	0
0	6.38127230000000	0
0	0	0
0	-3.03331140000000	0
0	0	0
0	0	0
-2.91673900000000	0	0
1.21070790000000	0	0
0	3.56133060000000	0
-1.76595130000000	0	0
0	1.26531240000000	0
0	-1.88921580000000	0
0	-0.788875700000000	0
0	-3.35114880000000	0
0	0	0
0	13.0912080000000	0
0	4.01039930000000	0
0	0.882833700000000	0
-1.55623460000000	-2.70140000000000	0
0	0	9.92400900000000
0	1.15967480000000	0
-1.35417460000000	0	0
0	0	0
-1.71217630000000	0	0
0	0	11.7536650000000
0	7.89784770000000	0
0	0	10.5471590000000
0	5.37046240000000	5.05807500000000
0	-2.71884370000000	0.277553400000000
0	6.73775700000000	0
0	0	7.51810650000000
13.3011050000000	0	0
0	6.28539000000000	0
0	0	0
0	0	0
0	3.94206710000000	0
0	0	0
0	10.0890010000000	0
-2.34839650000000	0	0
0	0	-0.357904300000000
0	0	18.5154300000000
0	0	8.38620400000000
0	0	0.757988750000000
0	0	0
0	0	0
0	12.0274710000000	0
0	0	7.83580970000000
0	0	-1.59001610000000
0	0	12.5364670000000
0	10.1274140000000	4.16948940000000
0	0	11.1296570000000
0	0	0.652123030000000
0	0	-1.68732750000000
0	0	-0.370081000000000
2.27751180000000	0	-1.01269350000000
0	0	3.21396780000000
0	0	0.267856660000000
0	-2.40269540000000	0
0	0	0
0	-3.37578700000000	0
5.87517170000000	0	0
0	-2.93250370000000	0
0	-1.14666570000000	0
0	-3.37320000000000	0
0	11.9126880000000	0
5.34305430000000	0	0
0	0	14.0790850000000
0	0	4.02834130000000
0	-1.67337760000000	0
0	-3.36565730000000	0
-3.83194850000000	0	0
-1.99351530000000	0	0
0	2.31666400000000	0
0	-3.08706670000000	0
0	0	0
0	0	0
0	-3.01438020000000	0
0	0	0
0	-2.92268470000000	0
0	2.45689750000000	0
0	-3.05173440000000	0
0	2.27854600000000	0
15.7473840000000	0	0
10.0575830000000	0	0
0	11.4063890000000	0
0	0	0
0	0	0
0	8.86782600000000	0
0	0	0
0	1.58423770000000	0
0	13.6007090000000	0
0	0	0.853498600000000
0	2.04455450000000	0
0	0	0
0	10.4843470000000	0
0	0	0
0	0	0
0.671526130000000	0	0
0	0	0
0	10.1730950000000	0
0	0	0
0	1.55438790000000	0
0	0	0
0	-2.52615600000000	0
12.5350400000000	0.863880340000000	0
4.60706420000000	0	0
0.360408070000000	0	0
0	0	0
5.46335120000000	-0.575149500000000	0
0	-3.23201730000000	0
0	0	0
0	0	0
0.289516150000000	0	0
0	-2.25146410000000	0
0	12.8742980000000	0
15.8809490000000	0	0
7.74077750000000	0	0
0	0	0
0	8.02029100000000	0
3.12967560000000	0	0
0	0	0
5.02959440000000	0	0
0	13.9267530000000	0
-1.91051950000000	0	0
0	0	0
0	0	0
0	2.40189700000000	0
0	0	0
15.9933640000000	11.7904170000000	0
0	0	0
0	0	0
0	0	0
0	1.54517700000000	0
0	20.4664460000000	0
0	0.641858800000000	0
0	-1.81566970000000	0
0	-3.21375470000000	0
0	0.192164140000000	0
0	-1.47453900000000	0
0	2.82118060000000	0
15.2190895000000	0	0
0	0	0
0	0	0
5.74984600000000	0	0
13.2388780000000	7.85186100000000	0
0	0	0
0	0	0
0	0	-0.536906200000000
0	0	2.88643980000000
0	0	0.855124950000000
0	0	4.93568330000000
0	0	-0.870225300000000
0	0	-1.87358010000000
0	0	8.49740700000000
0	0	0.329818300000000
0	0	0
0	0.360432450000000	0
0	2.93166160000000	0
0	-0.507926940000000	0
0	1.09471290000000	0
0	0	0
0	0	0
0	0	0
0	0	0
23.6927550000000	7.04775600000000	0
2.55280500000000	0	0
-0.109505210000000	-2.55453680000000	0
-2.81596160000000	0	0
0	0	6.31138370000000
0	15.4145400000000	0
0	0	0
9.58996400000000	0	0
0	0	0
0	0	0
0	0	0
0	-3.32752420000000	0
0	-1.81850980000000	0
0	-1.91411390000000	0
0	0	0
0	0	0
0	0	0
0	-1.04345260000000	0
0	13.0764370000000	0
0	16.0036700000000	0
0	0	0
0	-3.11805200000000	0
0	0	0.247891660000000
0	-0.117107470000000	0
0	0	4.13145450000000
0	0	0
0	0	0
15.5159970000000	11.2827920000000	0
-1.93682550000000	0	0
0	-3.22965840000000	0
3.53337170000000	0	0
-0.735223200000000	0	0
0	3.48485370000000	0
0	14.0074540000000	0
0	0	18.1721820000000
0	0	0
0	0	0
0	-3.19481750000000	0
0	8.48148800000000	0
0	-0.416204040000000	0
0	2.37705780000000	0
0	3.95556830000000	0
0	0	0
0	-2.87944580000000	0
10.0627080000000	0	0
0	14.1430750000000	0
0	-0.950227200000000	0
0	0	0
0	8.77599900000000	0
0	0	0
0	-3.36433150000000	0
7.36054370000000	0	0
0	0	0
0	-3.24012970000000	0
0	5.63881350000000	0
4.95070550000000	0	0
0	0	0
0	0	0
0	0	0
0	-0.632023630000000	0
0	2.02470870000000	0
-10.8620380000000	0	0
27.1510830000000	0	0
0	0	0
2.34412900000000	3.17060180000000	0
3.76094530000000	5.55586200000000	0
0	0	0
0	0	0
-3.40205570000000	0	0
0	0	0
0	-2.79064000000000	0
-2.30566670000000	0	0
0	0	0
1.16902600000000	0	0
0	0	-1.98760400000000
-1.13575300000000	0	0
0	0	0
0	-0.784756600000000	0
0.705712300000000	0	0
-0.631574870000000	-1.95771430000000	0
0	0	0
7.51354740000000	0	0
2.91600350000000	0	0
0	0	0
-2.38600440000000	0	0
4.56149200000000	0	0
2.91157910000000	-0.304020580000000	0
0.802235070000000	0	0
10.0220720000000	0	0
0	5.43218400000000	0
0	8.73373500000000	0
0	15.9578930000000	0
0	0	0
0	1.29925930000000	0
0	0	0
0	13.0193410000000	0
0	14.8832750000000	0
0	0	0
7.25156260000000	0	0
0	11.9186810000000	0
-1.64227010000000	0	0
0	0	0
0	-3.17466660000000	0
0	-1.51673210000000	0
0	15.8097190000000	0
0	0	5.06276370000000
0	0	0
0	1.91193450000000	0
0	0	0
0	1.44643210000000	0
0	0	0
0	0	0
0	0	1.23314440000000
0	1.81783740000000	0
0	4.46209600000000	0
0	0	0
0	14.3716170000000	0
0	2.71474620000000	0
3.45645900000000	0	0
0.963901100000000	0	0
0	-2.86622480000000	0
0	-3.25007060000000	0
0	0	0
0	-3.25934800000000	0
7.74504760000000	0	0
0	0	0
0	8.55002000000000	0
0	0	0
0	9.86817700000000	0
0	0	0
-0.418915240000000	0	0
0	0.403307200000000	0
0	0	0
-1.63019590000000	0	0
0	3.55509780000000	0
0	0	0
0	0	0
0	-2.76448940000000	0
0	2.64064360000000	0
0	9.24955100000000	0
-1.49657170000000	0	0
3.43895200000000	0	0
-10.6303160000000	7.69510940000000	0
0	0	0
-0.525998350000000	0	0
1.46351160000000	0	0
0	0	0
0	5.73615500000000	0
2.94493200000000	0	0
11.3187740000000	3.65274640000000	0
-0.102080070000000	-0.904004040000000	0
0	-2.28514430000000	0
0	-1.84437940000000	0
0	4.83916660000000	0
0	-0.547474860000000	0
0	0	0
1.09439290000000	0	0
0	0	0
0	1.66834010000000	0
-2.45719300000000	0	0
16.6240790000000	0	0
0	0	0
0	1.21049490000000	0
0	-3.34222870000000	0
0	0	0
0	0	0
0	-2.03263830000000	0
-1.72677360000000	0	0
0	0	0
-1.50313460000000	-3.25493570000000	0
0	0	0
7.50083540000000	-0.0860467800000000	0
0	0	0
0	0	0
0	-2.12275820000000	0
-2.46772480000000	0	0
0	-1.17694750000000	0
4.24840900000000	4.36019400000000	0
-0.243681000000000	0	0
3.17650530000000	0	0
0	11.9960630000000	0
0	0	0
0	0	0
0	5.80372570000000	0
0	-1.97851430000000	0
0	0	0
0	-2.47103290000000	0
0	13.4913690000000	0
0	0	0
0	0	0
0	0	0
0	0	0
0	1.05622680000000	0
1.69571940000000	0.500187400000000	0
6.43672750000000	0	0
0	0	0
0	0	0
0	0	0
0	0	0
0	0	0
0	-0.660752900000000	0
0	5.99861100000000	0
-2.36897640000000	0	0
0	-3.36906890000000	0
0	-0.0232585560000000	0
0	0	0
0	7.61018200000000	0
0	-1.80669160000000	0
-2.54899740000000	0	0
0	-3.19026900000000	0
11.7682700000000	0	0
0	0	0
0	0	0
-6.56900550000000	3.25694370000000	0
13.2764420000000	11.3604160000000	0
2.39181950000000	0	0
0	-3.19238540000000	0
0	11.4642090000000	0
0	-3.34689070000000	0
0	9.63019200000000	0
0	-3.76090530000000	0
0	0	0
0	18.0656220000000	0
0	0	0
14.1125320000000	9.11801900000000	0
0	13.0109030000000	0
5.40049360000000	0	0
1.59610680000000	0	0
0	0	0
16.5802420000000	0	0
0	7.41177750000000	0
0	0	0
0	0	0
0	0.635373100000000	0
0	8.50526000000000	0
0	0	0
0	14.0460580000000	0
0	0	0
-2.15892400000000	0	0
0	-2.54429530000000	0
0	-3.40450840000000	0
3.51757050000000	0	0
0	-1.51495420000000	0
0	0	0
0	-3.40482280000000	0
9.11167600000000	3.50175880000000	0
0	-3.04158280000000	0
0	-3.27514150000000	0
0	0	0
0	-0.130445420000000	0
0	0	0
0	2.25312190000000	0
0.675097470000000	0	0
0	2.97489120000000	0
0	-2.38157560000000	0
0	0	0
0	-3.09807560000000	0
0	0	0
0	-2.75960760000000	0
0	0	2.34425380000000
0	0	0
0	0	0
0	6.51739930000000	0
0	-1.15625630000000	0
7.98672630000000	0	0
0	12.4360500000000	8.16267300000000
0	10.1731100000000	0
0	12.0471660000000	0
0	10.4056520000000	0
0	8.59189800000000	0
0	0	0
0	0	0
-1.29428960000000	0	0
0	0	3.26008080000000
0	3.05397150000000	0
0	3.73170570000000	0
-1.18570170000000	0	0
0	5.47065200000000	0
0	9.52028700000000	0
-1.79113970000000	0	0
0	0	0
-2.04468060000000	0	0
0	0	11.4128430000000
0	5.31569050000000	0
0	0	0
0	14.9351340000000	0
8.00926000000000	0	0
0	0	0
-6.37018780000000	0	0
-9.76958000000000	0	0
-2.46295330000000	0	0
0	8.63203300000000	0
0	8.76908900000000	0
0	2.00470760000000	0
0	-1.61802700000000	0
0	-3.25971560000000	0
0	0.0547287350000000	0
0	0	0
0	-3.13059140000000	0
0	0	0
0	0	0
0	-2.71128130000000	0
0	5.67623470000000	0
0	9.16055600000000	0
0	1.50011670000000	0
0	0.744456900000000	0
0	0	0
0	0	0
0	0	0
10.9477360000000	0	0
0	0	0
0	0	0
3.57491250000000	0	0
0	0	0
11.9387455000000	0	0
0	9.78477200000000	0
0	13.3957900000000	0
16.1027570000000	6.31217340000000	0
0	-3.34561900000000	0
0	1.98058920000000	0
0	0	0
0	-1.02455720000000	0
0	0	0
-1.42650270000000	0	0
0	0.286617130000000	0
4.78081850000000	0	0
-2.13113360000000	0	0
4.86725400000000	0	0
-1.35958090000000	0	0
20.0856590000000	10.4381275000000	0
8.45684100000000	0	0
0	12.4044710000000	0
0	3.70709040000000	0
1.84088030000000	0	0
0	0	0
-1.11865840000000	0	0
0	0	0
0	0	0
0	8.96892300000000	0
0	0	0
0	0.207255000000000	0
-1.87602570000000	0	0
0	0	0
0	10.9987350000000	0
0	0	0
0	-1.67311880000000	0
0	8.41360400000000	0
0	2.49109300000000	0
0	0	0
0	0.857647400000000	0
0	-2.83910630000000	0
0	-3.24983140000000	0
0	-3.35789350000000	0
0	-1.31629180000000	0
0	1.64488860000000	0
0	3.84057240000000	0
0	5.10577900000000	0
0	0.116187020000000	0
-1.44561700000000	0	0
-1.27905870000000	0	0
0	1.02371490000000	0
0	0	0
0	10.2231640000000	0
0	0	0
0	-2.42563100000000	0
0	2.86953950000000	0
0	0	0
11.2546600000000	0	0
0	0	0
0	0	32.4523100000000
0	3.46888700000000	0
0	17.4846000000000	0
0	0	0
0	0.314491240000000	0
0	-2.36094950000000	0
-2.00243190000000	0	0
0	0	0
0	-0.816583800000000	0
0	0	0
0	0	0
0	-2.64100170000000	0
4.43911170000000	0	0
0	0	0.415833600000000
0	6.65814730000000	0
0	2.38104700000000	0
0	0	0
0	4.54762500000000	0
4.35919400000000	8.05813500000000	0
0	2.97889880000000	0
0	11.3943290000000	0
4.26693770000000	0	0
-1.07967410000000	0	0
0	-0.784289800000000	0
0	0	7.93497500000000
0	6.48493200000000	0
3.04012130000000	9.36955200000000	0
0	0	0
8.83079700000000	1.16072830000000	0
9.58178600000000	0	0
1.91774300000000	0	0
0	9.70925700000000	0
0	2.35695240000000	0
0	-2.37352730000000	0
8.30411800000000	5.70507140000000	0
0	0	0
7.84672550000000	6.67389200000000	0
0	7.28718140000000	0
0	12.8731830000000	0
0	0	0
0	1.32718630000000	0
0	-2.05225250000000	0
0	-0.726864160000000	0
0	10.1506605000000	0
0	0	0
0	-0.0256317980000000	0
0	5.66208170000000	0
5.39682630000000	0	0
9.91127100000000	0	0
0.389498140000000	0	0
-2.20102550000000	0	0
0	4.68825100000000	0
0	0	0
0	0	0
0	7.19350430000000	0
0	3.70444800000000	0
0	0	0
0	0	0
0	0	0
0	6.64180470000000	0
0	0	0
0	-1.53234340000000	0
-1.94517540000000	0	0
-1.28552630000000	0	0
0	-3.58464770000000	0
0	0	0
0	8.44708500000000	0
-0.0117633045000000	0	0
0	6.63981060000000	0
0	0	0
0	1.57762830000000	0
0	0	0
0	0	0
0	10.5560465000000	0
0	7.41516500000000	0
0	-12.4478850000000	0
0	0	0
0	0	0
0	2.40542100000000	0
0	4.94968750000000	0
11.3492120000000	0	0
0	0	0
0	0	0
0	1.18400910000000	0
0	0	0
0	0	0
0	0	2.94669910000000
0	7.03288840000000	0
0	0	7.81674500000000
0	4.85602140000000	0.746350100000000
3.09925990000000	0	0
0	13.6261425000000	0
0	0	0
0	15.3950690000000	0
-1.07144760000000	0	0
-1.11454240000000	0	0
9.71138900000000	10.2044920000000	0
0	0.597349050000000	0
0	0	0
0	0	0
0	11.4052100000000	0
5.35964800000000	0	0
15.2718280000000	0	0
0	-1.57941290000000	0
4.97693600000000	0	0
0	10.5913560000000	0
0	0	0
0	0	-0.120147154000000
0	9.90533300000000	0
3.10186890000000	0	0
0	0.695077240000000	0
0	0	0
0	0	0
-0.273805830000000	0	0
0	6.10885240000000	0
0	2.58274050000000	0
0	0	0
0	7.95096540000000	0
0	7.61496540000000	0
0	9.72681800000000	0
0	0	0
0	0	0
0	0	0
0	2.36337850000000	0
0	0	0
0	12.8464000000000	0
0	2.36298970000000	0
0	6.27237130000000	0
-1.97720540000000	0	0
0	1.12635540000000	0
0	0	0
8.39663200000000	0	0
0	0	0
0	-2.06872960000000	0
0	15.9265880000000	0
0	1.24202450000000	0
0	-3.31902810000000	0
0	-3.23393320000000	0
1.45081250000000	0	0
0	0	0
0	0	0
0	0	0
0	0	0
21.0485060000000	0	0
0	2.31515650000000	0
0	8.53793500000000	0
0	0	0
0	8.69966200000000	0
0	-3.06267400000000	0
3.10943900000000	0	0
0	0	0
0	0	0
0	0	0.205918480000000
-5.17384960000000	0	0
0	9.52423900000000	0
0	-2.81580350000000	0
0	-2.37252280000000	0
0	0	0
0	-1.55790770000000	0
0	0	0
0	-0.814019740000000	0
0	18.3310740000000	0
0	0	0
0	0	0
0	-1.45346890000000	0
0	0	1.07271490000000
2.89000580000000	0	0
0	0	0
0	0	0
-2.03717100000000	0	0
0	0	0
0	0	0
-0.310612560000000	0	0
0	-3.34444700000000	0
0	0	0
18.5431750000000	0	0
0	1.15375330000000	0
3.18257980000000	0	0
0	0	0
0	-1.77910050000000	0
-1.86017990000000	0	0
0	-0.151724340000000	0
0	2.90725400000000	0
0	0.274260580000000	0
0	0.993727300000000	0
3.04213140000000	0	0
0	7.87940600000000	0
-1.04229340000000	0	0
0	6.36015900000000	0
0	-3.19587160000000	0
-3.01558040000000	0	0
1.05504870000000	0	0
0	-3.42228750000000	0
0	0	0
0	4.97653000000000	0
0	0	0
0	3.62654280000000	0
0	0	0
0	7.20212550000000	0
0	8.38357000000000	0
0	0.492177040000000	0
0	0	0
0	13.7893810000000	0
0	0	0
0	0	0
0	0	0
0	5.59094400000000	0
0	-1.96632650000000	0
0	5.20859600000000	0
0	2.95714070000000	0
0	0	0
-0.104576476000000	0	0
0	0	0
8.03057300000000	0	0
0	0	0
0	1.63160430000000	0
0	4.33530600000000	0
0	-1.33011390000000	0
0	-3.40115070000000	0
0	0	0
0	0	0
0	0	0
0	7.37954240000000	0
-1.07028730000000	0	0
7.69411750000000	0	0
0	-2.05948930000000	0
0	-1.58769270000000	0
0	0	0
0	10.7894420000000	0
0	0	0
0	6.00574060000000	0
0	18.6993160000000	0
0	0	0
0	-0.939932300000000	0
4.39945460000000	3.76279570000000	0
0	0	0
0	-3.15103550000000	0
0	-1.09751960000000	0
0	-2.02952150000000	0
0	8.69494500000000	0
0	0	0
0	12.5222750000000	0
0	0	2.77810340000000
0	0	0
0	-1.37584970000000	0
0	6.01681500000000	0
0	7.20438050000000	0
0	13.6414030000000	0
0	17.3524190000000	0
0.451684470000000	0	0
0	0	0
0	10.2414050000000	0
0	13.8283000000000	0
0	-3.07344000000000	0
0	10.7649510000000	0
0	0.673338650000000	0
0	-1.61222590000000	0
0	-2.83109300000000	0
0	0	14.3781450000000
0	0	6.80055430000000
-0.496305470000000	-2.36994460000000	0
0	0	0
0	-1.01382650000000	0
0	0	0
-1.17091920000000	0	0
0	-1.62927890000000	0
-1.73718460000000	0	0
0	9.80885800000000	0
13.1261630000000	0	0
-0.525937400000000	0	0
0	0	0
0	9.91375900000000	0
0	0	0
-1.19890130000000	0	0
0	-0.140261920000000	0
0	14.8739650000000	0
0.275561900000000	0	0
0	0	0
-1.57739250000000	0	0
15.1157180000000	0	0
3.39976790000000	0	0
6.13964500000000	0	0
0	-0.660774700000000	0
0	0	0
0	-3.49703740000000	0
0	0	0
0	-3.27043400000000	0
-0.773767100000000	0	0
-2.07027940000000	0	0
-1.56845430000000	0	0
0	-3.40121650000000	0
0	4.04710300000000	0
0	6.04732850000000	0
0	0	9.97659600000000
0	0	2.56613370000000
-3.71559400000000	0	0
0	0	0
0	0	0
0	0	0
-1.73052260000000	0	0
0	0	0
5.51248070000000	0	0
0	0	0
-1.27984850000000	0	0
0	9.16762600000000	0
0	0	0
0	-1.02501000000000	0
0.0996558700000000	0	0
19.7666950000000	0	0
-1.43957520000000	0	0
0	-3.17698050000000	0
0	17.7430060000000	0
-1.20940460000000	0	0
0	0	0
-1.60528270000000	0	0
0	-0.831823170000000	0
0	0.334768950000000	0
0	7.52302740000000	0
0	5.61688470000000	0
0.246842550000000	0	0
0	0	0
0	4.26971440000000	0
1.02326260000000	0	0
0	-2.92201970000000	0
0	-3.00080600000000	0
0	0	0
0	0	0
0	-1.39907660000000	0
-0.851702600000000	0	0
0	-1.86724400000000	0
0.0472674850000000	0	0
0	0	0
10.5654770000000	2.57920900000000	0
0	0	0
0	0	0
0	2.86038330000000	0
0	12.6735500000000	0
0	9.52367300000000	0
0	0	0
0	0	0
0	6.03186800000000	0
0	0	0
5.46055100000000	0	12.2834400000000
10.3686590000000	0	0
0	0	0
12.9825450000000	0	0
0	5.07126800000000	0
0	1.57108640000000	0
0	0	0
0	0	0
0	0	0
-0.404682250000000	0	0
-1.27421710000000	0	0
0	0	0
0	6.64499900000000	0
0	-0.638739200000000	0
10.3836450000000	0	0
0	0	0
0	14.0348630000000	0
0	7.86772000000000	0
0	0	0
0	3.71980520000000	0
1.31188940000000	0	0
0	-3.29542280000000	0
0	-2.48578950000000	0
3.59690620000000	0	0
0	-1.37087810000000	0
0	-2.25812600000000	0
0	0.416986440000000	0
0	0	0