GENESYMBOL	TNFa	JAK-STAT	PI3K_only	Wnt	VEGF	MAPK_only	TGFB	IL-1	MAPK_PI3K	TLR	H2O2	CellCycle	
ABCA1	0	0	0	0	0	0	1.9129791	0	0	0	0	0	
ACAT1	0	0	0	0	0	14.410539	0	0	0	0	0	0	
ACOT7	0	0	0	0	0	7.2443733	0	0	0	0	0	0	
ACSL1	0	0	0	0	0	2.8279188	0	0	0	0	0	0	
ACSL3	8.238532	0	0	0	0	0	0	0	0	0	0	0	
ACTB	0	-2.9887936	0	0	0	0	0	0	0	0	0	0	
ACTR2	0	0	0	3.187694	0	0	0	0	0	0	0	0	
ADAM22	0	0	0	0	0	-3.114287	0	0	0	0	0	0	
ADAM9	0	0	0	0	0	12.029224	0	0	0	0	0	0	
ADAMTS1	7.942996	0	0	0	7.739577	0	6.6633534	8.597107	0	0	0	0	
ADH4	0	0	0	0	0	-3.349639	0	0	0	0	0	0	
ADM	0	0	0	0	0	2.327402	0.65934134	0	0	0	0	0	
ADORA2A	0	0	0	0	0	0	0	0	0	-1.0688444	0	0	
ADRB2	0	0	0	0	0	0	0	0	0	-3.1334577	0	0	
ADRM1	0	0	0	0	0	2.3919513	0	0	0	0	0	0	
AEBP1	0	0	0	0	0	1.3567766	0	0	0	0	0	0	
AFF4	0	0	0	0	0	10.678135	0	0	0	0	0	0	
AGTR1	-1.5026509	0	0	0	0	0	0	0	0	0	0	0	
AIMP1	0	0	0	0	0	7.525912	0	0	0	0	0	0	
AK3	0	0	0	0	0	5.9477057	0	0	0	0	0	0	
AKAP1	0	0	0	0	0	0.98701644	0	0	0	0	0	0	
AKR1B10	0	0	0	0	0	-1.9652351	0	0	0	0	0	0	
AKR1C2	0	0	0	0	0	0	0	10.316331	0	0	0	0	
AKT1	0	0	0	0	0	0	0	0	0	0	0	1.4948591	
ALAS1	0.72325104	0	0	0	0	0	0	0	0	0	0	0	
ALDH1A2	0	0	0	0	0	-3.015213	0	0	0	0	0	0	
ALDH1A3	0	0	0	0	0	-2.8423834	0	0	0	0	0	0	
ALDH3A1	0	0	0	0	0	-2.050426	0	0	0	0	0	0	
ALDH3B1	0	0	0	-1.5160608	0	0	0	0	0	0	0	0	
ALG13	0	0	0	0	0	11.753416	0	0	0	0	0	0	
AMIGO2	0	0	0	0	0	0	0	0	3.2309654	0	0	0	
AMPD3	-1.6536915	0	0	0	0	0	0	0	0	0	0	0	
ANGPTL4	0	0	0	0	2.8309827	0	0.912419	0	0	0	0	0	
ANKRD36B	0	0	0	0	0	0	0	0	10.101314	0	0	0	
AP1G2	0	0	0	0	0	-1.1306387	0	0	0	0	0	0	
AP3D1	0	0	0	0	0	4.7787404	0	0	0	0	0	0	
APBB2	0	0	0	0	0	9.5046625	0	0	0	0	0	0	
APC	0	0	0	0	0	0	0	0	0	0	0	0.476772	
APOL3	0	0	0	0	0	0	0	-1.7286094	0	0	0	0	
APOLD1	0	0	0	0	-1.1394122	0	0	0	0	0	0	0	
AQP3	0	0	0	0	0	-2.990471	0	0	0	0	0	0	
ARF1	0	7.9879375	12.070238	0	0	0	0	0	10.718661	0	0	0	
ARF5	0	0	0	0	0	10.274252	0	0	0	0	0	0	
ARFGAP1	0	0	0	0	0	1.5821031	0	0	0	0	0	0	
ARFGAP2	0	0	0	0	0	9.301769	0	0	0	0	0	0	
ARHGDIA	0	0	8.94336	0	0	5.7473283	5.507361	0	0	0	0	0	
ARID1A	0	0	0	0	0	5.20491	0	0	0	0	0	0	
ARID2	0	0	0	0	0	10.766924	0	0	0	0	0	0	
ARL4C	0	0	0	0	0	-1.2361456	1.9059966	0	0	1.7750614	0	0	
ARL5B	0	0	0	0	0	0	0	0	0	-0.19595468	0	0	
ARL6IP6	0	0	0	0	0	2.8794162	0	0	0	0	0	0	
ARMCX3	0	0	0	0	0	3.4003327	0	0	0	0	0	0	
ARRDC3	0	0	15.645977	0	0	16.32845	0	0	0	0	0	0	
ARRDC4	0	0	0	0	0	-0.0595087	0	0	0	0	0	0	
ASPH	0	0	0	0	0	13.196868	0	0	0	0	0	0	
ASS1	0	0	0	0	0	11.487865	0	0	0	0	0	0	
ATAD2	0	0	0	0	0	0.0950066	0	0	0	0	0	0	
ATAD3B	0	0	0	0	0	-3.2577248	0	0	0	0	0	0	
ATF1	0	0	0	0	0	4.957692	0	0	0	0	0	0	
ATF3	1.5668497	0	0	-1.3423091	1.6531986	0	0	0.73521805	0.54655886	0.22134572	0.45003736	0	
ATM	0	0	0	0	0	0	0	0	0	0	0	3.3405638	
ATP13A3	6.098971	0	0	0	0	7.942162	0	0	0	0	0	0	
ATP1A3	0	0	-1.3836021	0	0	0	0	0	0	0	0	0	
ATP1B1	0	0	0	0	0	0	6.2125764	0	0	0	0	0	
ATP2A3	0	0	0	0	0	-3.0732172	0	0	0	0	0	0	
ATP2B1	-2.9040945	0	0	0	0	6.3049445	0	0	0	0	0	0	
ATP6V0E1	0	0	0	0	0	0	0	0	0	0	8.788191	0	
ATP6V1H	0	0	0	0	0	3.963416	0	0	0	0	0	0	
ATP9A	0	0	0	0	0	-0.10203719	0	0	0	0	0	0	
ATR	0	0	0	0	0	4.5003414	0	0	0	0	0	5.991299	
ATRX	0	0	0	0	0	0	0	0	0	0	7.5583615	0	
AURKAIP1	0	0	0	0	0	9.330675	0	0	0	0	0	0	
AVIL	0	0	0	0	0	-3.867106	0	0	0	0	0	0	
AVL9	0	0	0	0	0	1.829578	0	0	0	0	0	0	
B3GNT2	0	0	0	0	0	-1.9239972	0	0	0	0	0	0	
B4GALT4	0	0	0	0	0	1.2093345	0	0	0	0	0	0	
BAALC	0	0	0	0	0	0	0	0	0	0	-1.0023923	0	
BAMBI	0	0	0	0	0	0	-2.1130726	0	0	0	0	0	
BAZ2A	0	0	0	0	0	2.6645546	0	0	0	0	0	0	
BBC3	0	0	0	0	0	-2.615837	0	0	0	0	0	0	
BCAM	0	0	0	0	0	-1.7228637	0	0	0	0	0	0	
BCL10	0	0	0	0	0	0	0	0	14.105739	0	0	0	
BCL2	0	0	0	0	0	-3.1542692	0	0	0	0	0	0	
BCL2A1	0	-1.9008346	0	0	0	0	0	-1.9467779	0	0	0	0	
BCL3	-0.29957622	0	0	0	0	0	0	-0.43518892	0	0	0	0	
BCL6	0	2.945813	0	0	0	0	0	0	0	0	5.4510303	0	
BCOR	-2.4724336	0	0	0	0	0	-1.5350503	0	0	0	0	0	
BDKRB1	1.9645001	0	0	0	0	0	0	0	0	0	0	0	
BDKRB2	2.6984253	0	0	0	0	0	0.2552936	0	0	0	0	0	
BGLAP	0	0	0	0	0	-1.794827	0	0	0	0	0	0	
BHLHE40	5.535655	0	4.7860937	0	7.821409	0	9.799574	4.4648433	6.457544	0	0	0	
BHLHE41	-1.8662646	0	0	0	0	0	0	0	0	0	0	0	
BID	-1.3110018	0	0	0	0	0	0	0	0	0	0	0	
BIRC3	-2.9583442	0	0	0	0	0	0	-2.5794177	0	-2.3196929	0	0	
BLOC1S2	0	0	0	0	0	0	12.098245	0	0	0	0	0	
BLVRA	0	0	0	0	0	11.163954	0	0	0	0	0	0	
BMP2	-2.279746	0	0	0	0	0	-2.677758	-2.2939718	0	0	0	0	
BRE	0	0	0	0	0	0	0	0	0	6.0703635	0	0	
BRWD1	0	0	0	0	0	6.3812723	0	0	0	0	0	0	
BSG	0	-0.4741991	0	0	0	0	0	0	0	0	0	0	
BST2	0	0	0	0	0	-3.0333114	0	0	0	0	0	0	
BTBD2	0	0	-0.710259	0	0	0	0	0	0	0	0	0	
BTG1	0	7.008824	0	0	0	0	0	0	0	0	0	0	
BTG2	-2.916739	0	0	0	0	0	2.9432223	-5.53993	0	0	0	0	
C10orf10	1.2107079	0	0	0	2.1251493	0	0.98493767	0	0	0	0	0	
C12orf76	0	0	0	0	0	3.5613306	0	0	0	0	0	0	
C15orf48	-1.7659513	0	0	0	0	0	0	0	0	0	0	0	
C16orf58	0	0	0	0	0	1.2653124	0	0	0	0	0	0	
C7orf26	0	0	0	0	0	-1.8892158	0	0	0	0	0	0	
CA12	0	0	0	0	0	-0.7888757	0	0	0	0	0	0	
CACNG4	0	0	0	0	0	-3.3511488	0	0	0	0	0	0	
CALHM2	0	0	0	0	0	0	0	0	0	3.4597378	0	0	
CAPZB	0	0	0	0	0	13.091208	0	0	0	0	0	0	
CAV2	0	0	0	0	0	4.0103993	0	0	0	0	0	0	
CBFA2T2	0	0	0	0	0	0.8828337	0	0	0	0	0	0	
CBR3	-1.5562346	0	0	0	0	-2.7014	0	0	0	0	0	0	
CBX3	0	0	0	0	0	0	0	0	0	0	0	9.924009	
CCDC126	0	0	0	0	0	1.1596748	0	0	0	0	0	0	
CCL2	-1.3541746	-2.103196	0	0	0	0	0	-2.1303363	0	-1.778725	0	0	
CCL20	0	0	0	0	0	0	0	-0.3126022	0	0.19832337	0	0	
CCL7	-1.7121763	-1.9881214	0	0	0	0	0	0	0	0	0	0	
CCNA2	0	0	0	0	0	0	0	0	0	0	0	11.753665	
CCNB1IP1	0	0	0	0	0	7.8978477	0	0	0	0	0	0	
CCNC	0	0	0	0	0	0	0	0	0	0	0	10.547159	
CCND1	0	0	6.9659452	0	0	5.3704624	0	0	0	0	0	5.058075	
CCNE1	0	0	0	0	0	-2.7188437	0	0	0	0	0	0.2775534	
CCNG2	0	0	0	0	0	6.737757	0	0	3.3042278	0	0	0	
CCNH	0	0	0	0	0	0	0	0	0	0	0	7.5181065	
CCNL1	13.301105	0	0	0	0	0	0	14.02608	0	0	0	0	
CCNT1	0	0	0	0	0	6.28539	0	0	0	0	0	0	
CCR7	0	0	0	0	0	0	0	0	0	-1.5756369	0	0	
CD274	0	0	0	0	0	0	0	0	0	-1.1006147	0	0	
CD2BP2	0	0	0	0	0	3.9420671	0	0	0	0	0	0	
CD55	0	0	0	0	0.22168909	0	0	0	0	0	0	0	
CD58	0	0	0	0	0	10.089001	0	0	0	0	0	0	
CD83	-2.3483965	0	0	0	0	0	0	-2.3495278	0	0	0	0	
CDC14A	0	0	0	0	0	0	0	0	0	0	0	-0.3579043	
CDC20	0	0	0	19.679129	0	0	0	0	0	0	0	18.51543	
CDC25C	0	0	0	0	0	0	0	0	0	0	0	8.386204	
CDC37	0	0	0	0	0	0	0	0	0	0	0	0.75798875	
CDC42	0	0	0	0	0	0	0	0	8.016138	0	0	0	
CDC42EP3	0	0	0	0	0	0	8.043806	0	0	0	0	0	
CDH11	0	0	0	0	0	12.027471	0	0	0	0	0	0	
CDK2	0	0	0	0	0	0	0	0	0	0	0	7.8358097	
CDK3	0	0	0	0	0	0	0	0	0	0	0	-1.5900161	
CDK4	0	0	0	0	0	0	0	0	0	0	0	12.536467	
CDK6	0	0	0	0	0	10.127414	0	0	0	0	0	4.1694894	
CDK7	0	0	0	0	0	0	0	0	0	0	0	11.129657	
CDKN1A	0	1.3695319	0	0	0	0	0	0	0	0	0	0.65212303	
CDKN1B	0	0	0	0	0	0	0	0	0	0	0	-1.6873275	
CDKN2A	0	0	0	0	0	0	0	0	0	0	0	-0.370081	
CDKN2B	2.2775118	0	0	0	0	0	0	0	0	0	0	-1.0126935	
CDKN2C	0	0	0	0	0	0	0	0	0	0	0	3.2139678	
CDKN2D	0	0	0	0	0	0	0	0	0	0	0	0.26785666	
CDT1	0	0	0	0	0	-2.4026954	0	0	0	0	0	0	
CDV3	0	0	0	0	0	0	0	-3.0169723	0	0	0	0	
CEACAM5	0	0	0	0	0	-3.375787	0	0	0	0	0	0	
CEBPD	5.8751717	6.0398746	0	0	0	0	3.0869203	5.3619046	0	0	0	0	
CELSR2	0	0	0	0	0	-2.9325037	0	0	0	0	0	0	
CEP76	0	0	0	0	0	-1.1466657	0	0	0	0	0	0	
CES3	0	0	0	0	0	-3.3732	0	0	0	0	0	0	
CFDP1	0	0	0	0	0	11.912688	0	0	0	0	0	0	
CFLAR	5.3430543	0	0	0	5.8276997	0	0	4.058791	0	4.62546	0	0	
CHEK1	0	0	0	0	0	0	0	0	0	0	0	14.079085	
CHEK2	0	0	0	0	0	0	0	0	0	0	0	4.0283413	
CHERP	0	0	0	0	0	-1.6733776	0	0	0	0	0	0	
CHRNB2	0	0	0	0	0	-3.3656573	0	0	0	0	0	0	
CHST15	-3.8319485	0	0	0	0	0	0	0	0	0	0	0	
CHST2	-1.9935153	0	0	0	0	0	0	0	0	0	0	0	
CHST3	0	0	0	0	0	2.316664	0	0	0	0	0	0	
CIB2	0	0	0	0	0	-3.0870667	0	0	0	0	0	0	
CISH	0	-1.7139884	0	0	0	0	0	0	0	0	0	0	
CITED2	0	0	0	0	0	0	3.5551183	0	0	0	0	0	
CITED4	0	0	0	0	0	-3.0143802	0	0	0	0	0	0	
CLIC4	0	0	0	0	0	0	0	0	5.226606	0	0	0	
CLMN	0	0	0	0	0	-2.9226847	0	0	0	0	0	0	
CLN3	0	0	0	0	0	2.4568975	0	0	0	0	0	0	
CNN1	0	0	0	0	0	-3.0517344	0	0	0	0	0	0	
COG4	0	0	0	0	0	2.278546	0	0	0	0	0	0	
COL1A2	15.747384	0	0	0	0	0	0	0	0	0	0	0	
COL3A1	10.057583	0	0	0	0	0	0	0	0	0	0	0	
COL5A2	0	0	0	0	0	11.406389	0	0	0	0	0	0	
COMP	0	0	0	0	0	0	-1.6262978	0	0	0	0	0	
COPE	0	8.037595	0	0	0	0	0	0	0	0	0	0	
COX15	0	0	0	0	0	8.867826	0	0	0	0	0	0	
CRABP2	0	0	-0.7163698	0	0	0	0	0	0	0	0	0	
CRAT	0	0	0	0	0	1.5842377	0	0	0	0	0	0	
CRBN	0	0	0	0	0	13.600709	0	0	0	0	0	0	
CREBBP	0	0	0	0	0	0	0	0	0	0	0	0.8534986	
CREBZF	0	0	0	0	0	2.0445545	0	0	0	0	0	0	
CREM	0	6.8168907	0	0	3.4027789	0	0	0	0	0	5.6507483	0	
CRIM1	0	0	0	0	0	10.484347	0	0	0	0	0	0	
CSF1	0	0	0	0	0	0	0	0.96754867	0	0	0	0	
CSF3	0	0	0	0	0	0	0	0	0	-1.1479485	0	0	
CSRNP1	0.67152613	0	0	0	0	0	0	0	0	1.003717	0	0	
CTGF	0	0	0	0	0	0	0	0	26.892796	0	0	0	
CTNNA1	0	0	0	0	0	10.173095	0	0	0	0	0	0	
CTTN	0	0	9.783067	0	0	0	0	0	0	0	0	0	
CUTA	0	0	0	0	0	1.5543879	0	0	0	0	0	0	
CX3CL1	0	0	0	0	0	0	0	-2.03194	0	0	0	0	
CXADR	0	0	0	-1.1771762	0	-2.526156	0	0	0	0	0	0	
CXCL1	12.53504	0	0	0	13.39231	0.86388034	0	17.470686	0	21.605886	0	0	
CXCL2	4.6070642	0	0	0	0	0	0	4.9369907	1.9960504	5.7479377	0	0	
CXCL3	0.36040807	0	0	0	0	0	0	1.5547562	0	2.1165886	0	0	
CXCL5	0	0	0	0	0	0	0	-1.4867113	0	-0.967064	0	0	
CXCL6	5.4633512	0	0	0	0	-0.5751495	0	5.3914533	0	0	0	0	
CXCR4	0	-2.186322	0	0	0	-3.2320173	0	0	-2.6981268	-1.7510908	0	0	
CXXC5	0	0	0	0	0	0	15.301525	0	0	0	0	0	
CYB5D1	0	0	0	0	0	0	0	0	0	3.25456	0	0	
CYLD	0.28951615	0	0	0	0	0	0	-1.1574196	0	0	0	0	
CYP1B1	0	0.28689852	0	0	0	-2.2514641	0	0	-0.3622053	0	0	0	
CYP51A1	0	0	0	0	0	12.874298	0	0	0	0	0	0	
CYR61	15.880949	0	17.572512	0	13.275587	0	0	0	19.580458	0	0	0	
DAB2	7.7407775	0	0	0	0	0	0	0	0	0	0	0	
DACT1	0	0	0	0	0	0	3.589216	0	0	0	0	0	
DCTPP1	0	0	0	0	0	8.020291	0	0	0	0	0	0	
DCUN1D3	3.1296756	0	0	0	0	0	0	0	0	0	0	0	
DDIT3	0	0	0	0	0	0	14.2942295	0	0	0	0	0	
DDIT4	5.0295944	2.9217834	1.3614572	0	0	0	3.3194644	4.010902	2.4473689	0	0	0	
DDOST	0	0	0	0	0	13.926753	0	0	0	0	0	0	
DENND3	-1.9105195	0	0	0	0	0	0	0	0	0	0	0	
DERL1	0	0	6.8398356	0	0	0	0	0	0	0	0	0	
DHRS2	0	0	0	0	0	0	0	0	-2.168392	0	0	0	
DHX40	0	0	0	0	0	2.401897	0	0	0	0	0	0	
DKK1	0	0	0	34.291046	0	0	0	0	0	0	0	0	
DLC1	15.993364	0	0	0	0	11.790417	0	0	0	0	0	0	
DLGAP4	0	0	8.0054655	0	0	0	0	0	0	0	0	0	
DNAJB1	0	0	0	0	0	0	0	0	0.133654	0	0	0	
DNAJB4	0	0	0	0	0	0	0	0	0	1.3426878	0	0	
DNAJC1	0	0	0	0	0	1.545177	0	0	0	0	0	0	
DNAJC16	0	0	0	0	0	20.466446	0	0	0	0	0	0	
DNASE1L1	0	0	0	0	0	0.6418588	0	0	0	0	0	0	
DOCK4	0	0	0	0	0	-1.8156697	0	0	0	0	0	0	
DOCK8	0	0	0	0	0	-3.2137547	0	0	0	0	0	0	
DPH2	0	0	0	0	0	0.19216414	0	0	0	0	0	0	
DPP9	0	0	0	0	0	-1.474539	0	0	0	0	0	0	
DR1	0	0	0	0	0	2.8211806	0	0	0	0	0	0	
DUSP1	15.2190895	16.285484	0	0	18.11989	0	19.040792	13.026961	17.228682	10.211453	20.039305	0	
DUSP2	0	0	0	0	0	0	0	0	-2.4819887	-1.422901	0	0	
DUSP4	0	0	-2.6779857	0	0	0	-1.8520557	0	-2.6482096	0	0	0	
DUSP5	5.749846	7.392736	0	0	5.9191256	0	0	8.454765	5.5535793	8.121757	0	0	
DUSP6	13.238878	13.351618	0	0	0	7.851861	10.273762	14.514884	14.005963	0	14.938799	0	
DUSP8	0	0	0	0	0	0	0	-2.0629866	0	0	0	0	
DYRK2	0	0	0	0	0	0	2.57299	0	0	0	0	0	
E2F1	0	0	0	0	0	0	0	0	0	0	0	-0.5369062	
E2F2	0	0	0	0	0	0	0	0	0	0	0	2.8864398	
E2F3	0	0	0	0	0	0	0	0	0	0	0	0.85512495	
E2F4	0	0	0	0	0	0	0	0	0	0	0	4.9356833	
E2F5	0	0	0	0	0	0	0	0	0	0	0	-0.8702253	
E2F6	0	0	0	0	0	0	0	0	0	0	0	-1.8735801	
E2F7	0	0	0	0	0	0	0	0	0	0.15577954	0	8.497407	
E2F8	0	0	0	0	0	0	0	0	0	0	0	0.3298183	
EBI3	0	0	0	0	0	0	0	0	0	-0.9686973	0	0	
ECHDC2	0	0	0	0	0	0.36043245	0	0	0	0	0	0	
EDN1	0	0	0	0	0.67702585	2.9316616	0	-3.110818	1.1006193	-4.2072277	0	0	
EDNRA	0	0	0	0	0	-0.50792694	0	0	0	0	0	0	
EEF1A1	0	0	0	0	0	1.0947129	0	0	0	0	0	0	
EEF1A2	0	0	-2.8105183	0	0	0	0	0	0	0	0	0	
EFEMP2	0	0	0	0	0	0	10.072847	0	0	0	0	0	
EFNA1	0	0	0	0	0	0	0	-1.9602845	0	0	0	0	
EFNB2	0	0	0	0	0	0	0	0	0	0	2.809633	0	
EGR1	23.692755	26.552664	0	0	28.48618	7.047756	16.801039	24.65705	19.446644	24.38784	0	0	
EGR2	2.552805	1.9176093	0	0	0	0	2.1255999	0	1.3807335	0	0	0	
EGR3	-0.10950521	0	0	0	0.6045221	-2.5545368	0	0	-1.0599029	0	0	0	
EHD1	-2.8159616	0	0	0	0	0	0	-4.5393825	0	-3.6809309	0	0	
EHMT1	0	0	0	0	0	0	0	0	0	0	0	6.3113837	
EID1	0	0	0	0	0	15.41454	0	0	0	0	0	0	
EIF1	0	0	0	0	0	0	0	0	16.434177	0	0	0	
EIF1B	9.589964	0	0	0	0	0	0	0	0	0	0	0	
EIF4E	0	0	0	0	0	0	0	0	0	7.140112	0	0	
EIF4G1	0	0	8.516874	0	0	0	0	0	0	0	0	0	
EIF5A	0	0	-3.319998	0	0	0	0	0	0	0	0	0	
ELF3	0	0	0	0	0	-3.3275242	0	0	0	0	0	0	
ELF4	0	0	0	0	0	-1.8185098	0	0	0	0	0	0	
ELK1	0	0	-1.6182399	0	0	-1.9141139	0	0	0	0	0	0	
ELL2	0	0	0	0	0	0	0	0	0	6.9734793	0	0	
ELN	0	0	0	0	0	0	4.944351	0	0	0	0	0	
ELOVL7	0	0	0	0	0	0	0	0	0	-1.553846	0	0	
EML5	0	0	0	0	0	-1.0434526	0	0	0	0	0	0	
EMP1	0	0	0	0	0	13.076437	10.494948	0	0	0	0	0	
EMP2	0	0	0	0	0	16.00367	0	0	0	0	0	0	
ENC1	0	0	0	0	-0.8454418	0	0.80049896	0	0.4047719	0	0	0	
ENPEP	0	0	0	0	0	-3.118052	0	0	0	0	0	0	
EP300	0	0	0	0	0	0	0	0	0	0	0	0.24789166	
EPAS1	0	0	0	0	0	-0.11710747	0	0	0	0	0	0	
EPC1	0	0	0	0	0	0	0	0	0	0	0	4.1314545	
EPHA2	0	0	0	0	0	0	0	0	3.7785697	0	0	0	
EREG	0	0	0	0	0	0	0	0	0	-1.1009414	0	0	
ERRFI1	15.515997	0	0	0	0	11.282792	14.096804	0	0	0	0	0	
ESPL1	-1.9368255	0	0	0	0	0	0	0	0	0	0	0	
ESR1	0	0	0	0	0	-3.2296584	0	0	0	0	0	0	
ETS1	3.5333717	0	0	0	0	0	0	0	0	0	0	0	
ETS2	-0.7352232	0	0	0	0	0	-0.47341967	0	-0.83247876	0	0	0	
ETV5	0	0	0	0	0	3.4848537	0	0	0	0	0	0	
EXOSC6	0	0	0	0	0	14.007454	0	0	0	0	0	0	
EZH2	0	0	0	0	0	0	0	0	0	0	0	18.172182	
F2RL1	0	0	0	0	0	0	0	0	-0.70263964	0	0	0	
F3	0	0	0	0	6.271733	0	0	0	0	12.467767	0	0	
FAAH	0	0	0	0	0	-3.1948175	0	0	0	0	0	0	
FAM104B	0	0	0	0	0	8.481488	0	0	0	0	0	0	
FAM126B	0	0	0	0	0	-0.41620404	0	0	0	0	0	0	
FAM13A	0	0	0	0	0	2.3770578	0	0	0	0	0	0	
FAM175B	0	0	0	0	0	3.9555683	0	0	0	0	0	0	
FAM46C	0	-1.5137188	0	0	0	0	0	0	0	0	0	0	
FANK1	0	0	0	0	0	-2.8794458	0	0	0	0	0	0	
FAS	10.062708	0	0	0	0	0	0	0	0	0	0	0	
FBN1	0	0	0	0	0	14.143075	0	0	0	0	0	0	
FBXW2	0	0	0	0	0	-0.9502272	0	0	0	0	0	0	
FEM1C	0	-1.09425	0	0	0	0	0	0	0	0	0	0	
FERMT2	0	0	0	0	0	8.775999	0	0	9.23337	0	0	0	
FEZ2	0	0	0	0	0	0	0	-0.13050224	0	0	0	0	
FGF18	0	0	0	0	0	-3.3643315	-2.6471946	0	0	0	0	0	
FGF2	7.3605437	0	0	0	0	0	0	0	0	0	0	0	
FGF7	0	0	0	0	0	0	-2.181153	0	0	0	0	0	
FGFR3	0	0	0	0	0	-3.2401297	0	0	0	0	0	0	
FICD	0	0	0	0	0	5.6388135	0	0	0	0	0	0	
FILIP1L	4.9507055	0	0	0	0	0	7.770584	0	0	0	0	0	
FJX1	0	0	0	0	0	0	0	-3.8978062	0	0	0	0	
FLRT3	0	0	0	0	0	0	0	0	0	0	-3.5640879	0	
FLT1	0	0	0	0	0	0	0	0	0	-1.2899302	0	0	
FLYWCH1	0	0	0	0	0	-0.63202363	0	0	0	0	0	0	
FN3KRP	0	0	0	0	0	2.0247087	0	0	0	0	0	0	
FOLR1	-10.862038	0	0	0	0	0	0	0	0	0	0	0	
FOS	27.151083	28.18139	0	0	0	0	0	0	22.532196	0	0	0	
FOSB	0	0	0	-3.7931273	0	0	0	0	7.412021	0	0	0	
FOSL1	2.344129	0	3.285392	0	0	3.1706018	0	8.426381	5.1130114	0	0	0	
FOSL2	3.7609453	0	0	0	3.7900877	5.555862	0	0	0	0	0	0	
FOXC1	0	0	-1.8328565	0	0	0	0	0	0	0	0	0	
FOXO3	0	0	0	0	0	0	9.183165	0	0	0	0	0	
FST	-3.4020557	0	0	0	0	0	0	-4.797019	0	0	0	0	
FSTL3	0	0	0	0	0	0	-0.23211867	-2.2025545	0	0	0	0	
FZD1	0	0	0	0	0	-2.79064	0	0	0	0	0	0	
FZD10	-2.3056667	0	0	0	0	0	0	0	0	0	0	0	
FZD5	0	-2.5330162	0	0	0	0	0	0	0	0	0	0	
FZD7	1.169026	0	0	0	0	0	0	0	0	0	0	0	
FZR1	0	0	0	0	0	0	0	0	0	0	0	-1.987604	
G0S2	-1.135753	0	0	0	0	0	0	0	0	-0.23105119	0	0	
GABARAPL1	0	0	0	0	0	0	1.6131651	0	0	0	0	0	
GABBR2	0	0	0	0	0	-0.7847566	0	0	0	0	0	0	
GADD45A	0.7057123	0	0	0	0	0	0	3.2567244	0	2.2336094	0	0	
GADD45B	-0.63157487	-1.1471308	0	0	0	-1.9577143	-0.09310201	-0.12038566	0	0	0	0	
GADD45G	0	-5.7882843	0	0	0	0	0	0	0	0	0	0	
GBP1	7.5135474	6.332963	0	0	0	0	0	5.542018	0	7.184626	0	0	
GBP2	2.9160035	2.1447992	0	0	0	0	0	0	0	0	0	0	
GBP3	0	0	0	0	0	0	0	0	0	3.9376545	0	0	
GCH1	-2.3860044	-2.604484	0	0	0	0	0	-2.4158251	0	-2.0414665	0	0	
GCLM	4.561492	0	0	0	0	0	0	0	0	0	0	0	
GDF15	2.9115791	0	0	0	0	-0.30402058	0	2.359641	1.7370127	0	1.8826044	0	
GEM	0.80223507	0.95991755	0	0	0	0	0	0	-1.0396633	1.1319854	0	0	
GFPT2	10.022072	0	0	0	0	0	0	0	0	0	0	0	
GFRA1	0	0	0	0	0	5.432184	0	0	0	0	0	0	
GGCX	0	0	0	0	0	8.733735	0	0	0	0	0	0	
GLRX	0	0	0	0	0	15.957893	0	0	0	0	0	0	
GNA13	0	0	0	0	0	0	3.967803	0	0	0	0	0	
GNAS	0	0	0	0	0	1.2992593	0	0	0	0	0	0	
GNB2	0	0	-0.47755387	0	0	0	0	0	0	0	0	0	
GNG10	0	0	0	0	0	13.019341	0	0	0	0	0	0	
GNG11	0	0	0	0	0	14.883275	0	0	0	0	0	0	
GNG12	0	0	0	0	0	0	13.0363655	0	0	0	0	0	
GNG2	7.2515626	0	0	0	0	0	0	0	0	0	0	0	
GOLGA7	0	0	0	0	0	11.918681	0	0	0	0	0	0	
GPR68	-1.6422701	0	0	0	0	0	-2.4153636	0	0	0	0	0	
GRB2	0	0	0	0	0.37069482	0	0	0	0	0	0	0	
GRB7	0	0	0	0	0	-3.1746666	0	0	0	0	0	0	
GREB1	0	0	0	0	0	-1.5167321	0	0	0	0	0	0	
GRN	0	0	0	0	0	15.809719	0	0	0	0	0	0	
GSK3B	0	0	0	0	0	0	0	0	0	0	0	5.0627637	
GSN	0	-3.0580564	0	0	0	0	0	0	0	0	0	0	
GSTCD	0	0	0	0	0	1.9119345	0	0	0	0	0	0	
H1FX	0	0	-2.7233274	0	0	0	0	0	0	0	0	0	
H2AFJ	0	0	0	0	0	1.4464321	0	0	0	0	0	0	
HAUS4	0	0	0	7.4471135	0	0	0	0	0	0	0	0	
HBEGF	0	0	0	0	-0.011514593	0	0.18964367	1.5888577	0.94125485	0	0	0	
HDAC1	0	0	0	0	0	0	0	0	0	0	0	1.2331444	
HEBP1	0	0	0	0	0	1.8178374	0	0	0	0	0	0	
HES1	0	0	0	0	19.80635	4.462096	13.505132	0	11.584381	0	0	0	
HEY1	0	0	0	0	0.48941532	0	0	0	0	0.24517453	0	0	
HIGD1A	0	0	0	0	0	14.371617	0	0	0	0	0	0	
HIST1H2AC	0	0	2.7559752	0	0	2.7147462	0	0	0	0	0	0	
HIVEP1	3.456459	0	0	0	0	0	0	0	0	0	0	0	
HIVEP2	0.9639011	0	0	0	0	0	0	0	0	0	0	0	
HLA-F	0	0	0	0	0	-2.8662248	0	0	0	0	0	0	
HLA-G	0	-1.9153677	-2.6829805	0	0	-3.2500706	0	0	-2.4214373	0	0	0	
HLX	0	-0.36612007	0	0	-0.25064754	0	0	0	0	0	0	0	
HMCN1	0	0	0	0	0	-3.259348	0	0	0	0	0	0	
HMGCS1	7.7450476	0	0	0	0	0	0	0	0	0	0	0	
HMOX1	0	0	0	0	0	0	-1.7158397	0	0	0	-2.1759093	0	
HNRNPA3	0	0	0	0	0	8.55002	0	0	0	0	0	0	
HNRNPH1	0	0	0	0	0	0	0	0	8.445682	0	0	0	
HNRNPL	0	0	10.799745	0	0	9.868177	0	0	0	0	0	0	
HOMER1	0	0	0	0	0	0	0	0	0	0	1.2774652	0	
HOXA9	-0.41891524	0	0	0	0	0	0	0	0	0	0	0	
HPCAL1	0	0	0	0	0	0.4033072	0	0	0	0	0	0	
HS3ST3B1	0	0	0	0	0	0	0	0	0	5.429782	0	0	
HSD11B1	-1.6301959	0	0	0	0	0	0	0	0	0	0	0	
HSP90AA1	0	0	0	4.6902704	0	3.5550978	0	0	0	0	0	0	
HSP90B1	0	0	0	0	0	0	0	0	6.0357747	0	6.6082625	0	
HSPA5	0	0	0	4.5626683	0	0	0	0	0	0	0	0	
HSPB8	0	0	0	0	0	-2.7644894	0	0	0	0	0	0	
HTATIP2	0	0	0	0	0	2.6406436	0	0	0	0	0	0	
HTRA1	0	0	0	0	0	9.249551	0	0	0	0	0	0	
ICAM1	-1.4965717	-1.760709	0	0	0	0	0	-1.7568672	0	-1.2025108	0	0	
ID1	3.438952	5.7226725	3.2211719	0	2.4943345	0	4.2994003	7.0165124	5.517478	0	0	0	
ID2	-10.630316	0	0	0	0	7.6951094	5.46193	0	0	-16.131279	0	0	
ID3	0	0	0	0	0	0	17.476257	0	0	0	0	0	
ID4	-0.52599835	0	0	0	0	0	0	0	0	0	0	0	
IDH3A	1.4635116	0	0	0	0	0	0	0	0	0	0	0	
IDI1	0	0	0	0	0	0	8.975722	0	0	0	0	0	
IDS	0	0	0	0	0	5.736155	0	0	0	0	0	0	
IER2	2.944932	0	0	0	0	0	0	3.3321686	2.2645535	0	1.6282789	0	
IER3	11.318774	0	4.7603116	0	11.19234	3.6527464	9.562562	9.903832	8.139333	8.649775	0	0	
IER5	-0.10208007	0	0	0	0	-0.90400404	0	-0.91492987	-0.33756098	0	0	0	
IFI27	0	-1.299746	0	0	0	-2.2851443	0	0	0	0	0	0	
IFI44L	0	0	0	0	0	-1.8443794	0	0	0	0	0	0	
IFI6	0	0	0	0	0	4.8391666	0	0	0	0	0	0	
IFIT1	0	1.1103587	0	0	0	-0.54747486	0	0	0	0.8162255	0	0	
IFIT2	0	-1.9793522	0	0	0	0	0	0	0	0	0	0	
IFIT3	1.0943929	0.42670405	0	0	0	0	-0.02944897	0	0	1.3989836	0	0	
IFIT5	0	1.4668026	0	0	0	0	0	0	0	0	0	0	
IFITM1	0	0	0	0	0	1.6683401	0	0	0	0	0	0	
IFNAR2	-2.457193	0	0	0	0	0	0	0	0	0	0	0	
IFNGR2	16.624079	0	0	0	0	0	0	0	0	0	0	0	
IGF1R	0	0	0	0	0	0	0	0	17.147501	0	0	0	
IGFBP5	0	0	0	0	0	1.2104949	0	0	-1.7757713	0	0	0	
IGSF3	0	0	0	0	0	-3.3422287	0	0	0	0	0	0	
IL15	0	0.30394417	0	0	0	0	0	0	0	0	0	0	
IL15RA	0	-0.6882486	0	0	0	0	0	0	0	0	0	0	
IL17RA	0	0	0	0	0	-2.0326383	0	0	0	0	0	0	
IL17RB	-1.7267736	0	0	0	0	0	0	0	0	0	0	0	
IL18R1	0	0	0	0	0	0	0	-1.6603048	0	0	0	0	
IL1B	-1.5031346	-1.644369	0	0	0	-3.2549357	-2.3516588	-1.665904	0	-1.2596273	0	0	
IL23A	0	0	0	0	0	0	0	0	0	-1.7659796	0	0	
IL6	7.5008354	5.5524015	0	0	0	-0.08604678	0	6.631237	4.3780127	6.670132	2.5585895	0	
IL6ST	0	0	0	0	12.859728	0	0	0	0	0	17.289011	0	
IL7R	0	0	0	0	0	0	0	2.066694	0	3.2242193	0	0	
INADL	0	0	0	0	0	-2.1227582	0	0	0	0	0	0	
INHBA	-2.4677248	0	0	0	0	0	6.0565615	-4.2162137	0	-7.079406	0	0	
INO80B	0	0	0	0	0	-1.1769475	0	0	0	0	0	0	
INSIG1	4.248409	0	0	0	0	4.360194	4.8536196	3.2564645	0	0	0	0	
IRAK2	-0.243681	0	0	0	0	0	0	0	0	0	0	0	
IRF1	3.1765053	3.1667123	0	0	0	0	0	2.929759	0	3.2562869	0	0	
IRF2BP2	0	0	0	0	0	11.996063	0	0	0	0	0	0	
IRS1	0	0	0	2.3642833	0	0	0	0	0	0	0	0	
IRS2	0	0	1.6665702	0	0	0	0	0	0	0	0	0	
ISG15	0	0	0	0	0	5.8037257	0	0	0	4.093814	0	0	
ITGA2	0	0	0	0	0	-1.9785143	0	0	0	0	0	0	
ITGB5	0	0	0	0	0	0	0	12.181176	0	0	0	0	
ITGB8	0	0	0	0	0	-2.4710329	0	0	0	-2.9989586	0	0	
ITM2B	0	0	0	0	0	13.491369	0	0	0	0	0	0	
ITPRIP	0	0	0	0	0	0	-2.497919	0	0	0	0	0	
JAG1	0	7.9229207	3.3089397	0	0	0	0	6.5036364	0	6.7539816	0	0	
JMJD1C	0	0	0	0	0	0	16.577963	0	0	0	0	0	
JMJD6	0	0	0	0	0	0	0.1551708	0	0	0	0	0	
JMY	0	0	0	0	0	1.0562268	0	0	0	0	0	0	
JUN	1.6957194	0	0.32017845	0	0	0.5001874	1.3353493	1.6417402	1.4198347	0	1.2412056	0	
JUNB	6.4367275	0	0	0	6.786212	0	3.942956	6.439057	4.5300045	0	3.62762	0	
JUND	0	0	0	0	0	0	0	6.582907	0	0	0	0	
KANK1	0	0	0	0	0	0	0	0	0	-2.8650472	0	0	
KCNE3	0	0	0	0	0	0	0	0	0	-0.65114313	0	0	
KCNE4	0	0	0	0	0	0	0.58652717	0	0	0	-0.20685776	0	
KCNJ2	0	-6.9109235	0	0	0	0	0	0	0	-7.307942	0	0	
KCNQ1OT1	0	0	0	0	0	-0.6607529	0	0	0	0	0	0	
KCTD3	0	0	0	0	0	5.998611	0	0	0	0	0	0	
KDM6B	-2.3689764	0	0	0	0	0	0	-2.548829	-2.225404	0	0	0	
KIAA0040	0	0	0	0	0	-3.3690689	0	0	0	0	0	0	
KIAA0195	0	0	0	0	0	-0.023258556	0	0	0	0	0	0	
KIAA0907	0	0	2.3231478	0	0	0	0	0	0	0	0	0	
KIAA1143	0	0	0	0	0	7.610182	0	0	0	0	0	0	
KIAA1324	0	0	0	0	0	-1.8066916	0	0	-1.1642762	0	0	0	
KIF1B	-2.5489974	0	0	0	0	0	0	0	0	0	0	0	
KIF5C	0	0	0	0	0	-3.190269	0	0	0	0	0	0	
KLF10	11.76827	15.074275	0	0	12.66765	0	14.977039	13.383032	13.017548	0	15.108593	0	
KLF2	0	0	0	0	0	0	0	0	-0.8921161	0	-0.3624099	0	
KLF4	0	0	0	-1.7597901	0	0	0	0	0	0	0	0	
KLF5	-6.5690055	0	0	0	0	3.2569437	0	0	0	0	0	0	
KLF6	13.276442	0	0	0	0	11.360416	14.626404	13.084901	15.985379	0	0	0	
KLF9	2.3918195	0	0	0	0	0	0	0	0	0	0	0	
KLHL26	0	0	0	0	0	-3.1923854	0	0	0	0	0	0	
KPNB1	0	0	0	0	0	11.464209	0	0	0	0	0	0	
KRT81	0	0	0	0	0	-3.3468907	0	0	0	0	0	0	
KTN1	0	0	0	0	0	9.630192	0	0	0	0	0	0	
KYNU	0	0	0	0	0	-3.7609053	0	0	0	0	0	0	
LAMP1	0	1.5067605	0	0	0	0	0	0	0	0	0	0	
LAMP2	0	0	0	0	0	18.065622	0	0	0	0	0	0	
LAMP3	0	0	0	0	0	0	0	0	0	-1.1228474	0	0	
LDLR	14.112532	0	0	0	0	9.118019	0	0	13.124116	0	14.271652	0	
LGALS3	0	0	0	0	0	13.010903	0	0	0	0	0	0	
LGALS8	5.4004936	0	0	0	0	0	6.934841	0	0	0	0	0	
LIF	1.5961068	0	0	0	0	0	0	0	1.1694342	0	0	0	
LIMK2	0	-3.697684	0	0	0	0	0	0	0	0	0	0	
LITAF	16.580242	0	0	0	0	0	0	0	0	0	0	0	
LMO7	0	0	0	0	0	7.4117775	0	0	0	0	0	0	
LONRF3	0	0	0	0	0	0	-2.7151968	0	0	0	0	0	
LPIN1	0	0	0	0	0	0	6.4182854	0	0	0	0	0	
LRIG1	0	0	0	0	0	0.6353731	2.1382868	0	0	0	0	0	
LRPPRC	0	0	0	0	0	8.50526	0	0	0	0	0	0	
LRRFIP1	0	0	5.4417934	0	0	0	0	0	0	0	8.186493	0	
LSM1	0	0	0	0	0	14.046058	0	0	0	0	0	0	
LUC7L3	0	0	0	0	0	0	0	0	0	0	13.545809	0	
LYN	-2.158924	0	0	0	0	0	-2.0058272	0	0	0	0	0	
MACC1	0	0	0	0	0	-2.5442953	0	0	0	0	0	0	
MAFB	0	-1.9855344	0	0	0	-3.4045084	-2.7242227	0	0	0	0	0	
MAFF	3.5175705	0	1.2048069	0	3.8893921	0	0	4.2404222	3.4951446	4.3538465	2.5572367	0	
MAFG	0	0	0	0	0	-1.5149542	0	0	0	0	0	0	
MAFK	0	0	0	0	-0.8897293	0	0	0	0	0	0	0	
MAL	0	0	0	0	0	-3.4048228	0	0	0	0	0	0	
MALAT1	9.111676	0	0	0	12.469828	3.5017588	9.128385	0	0	0	0	0	
MANSC1	0	0	0	0	0	-3.0415828	0	0	0	0	0	0	
MAOB	0	0	0	0	0	-3.2751415	0	0	0	0	0	0	
MAP2K3	0	0	0	0	0	0	0	4.921956	5.261941	0	0	0	
MAP3K1	0	0	0	0	0	-0.13044542	0	0	0	0	0	0	
MAP3K4	0	0	0	0	0	0	0	0	0	3.9355006	0	0	
MAP3K5	0	0	0	0	0	2.2531219	0	0	0	0	0	0	
MAP3K8	0.67509747	0	0	0	0	0	0	0	0	1.1508412	0	0	
MAP4	0	0	0	0	0	2.9748912	0	0	0	0	0	0	
MAP6D1	0	0	0	0	0	-2.3815756	0	0	0	0	0	0	
MARCKSL1	0	0	0	0	0	0	0	-3.981867	0	0	0	0	
MARK4	0	0	0	0	0	-3.0980756	0	0	0	0	0	0	
MAT2A	0	0	0	0	0	0	10.945776	0	0	0	0	0	
MATN2	0	0	0	0	0	-2.7596076	0	0	0	0	0	0	
MAX	0	0	0	0	0	0	0	0	0	0	0	2.3442538	
MAZ	0	0	-1.6012943	0	0	0	0	0	0	0	0	0	
MBNL1	0	0	0	0	8.008846	0	0	0	8.955516	0	7.788857	0	
MBNL2	0	0	0	0	0	6.5173993	0	0	0	0	0	0	
MCC	0	0	0	0	0	-1.1562563	0	0	0	0	0	0	
MCL1	7.9867263	0	6.642728	0	0	0	0	9.702084	8.035409	0	0	0	
MDM2	0	0	0	0	0	12.43605	0	0	0	0	0	8.162673	
MED13L	0	0	0	0	0	10.17311	0	0	0	0	0	0	
MED4	0	0	0	0	0	12.047166	0	0	0	0	0	0	
MED6	0	0	0	0	0	10.405652	0	0	0	0	0	0	
MET	0	0	0	0	0	8.591898	0	0	0	0	0	0	
METTL7A	0	0	0	2.91021	0	0	0	0	0	0	0	0	
MFAP2	0	0	16.873264	0	0	0	0	0	0	0	0	0	
MFHAS1	-1.2942896	0	0	0	0	0	0	0	0	0	0	0	
MGA	0	0	0	0	0	0	0	0	0	0	0	3.2600808	
MGP	0	0	0	0	0	3.0539715	0	0	0	0	0	0	
MICAL2	0	0	0	0	0	3.7317057	0	0	0	0	0	0	
MIR155HG	-1.1857017	0	0	0	0	0	0	0	0	0.09389805	0	0	
MLLT10	0	0	0	0	0	5.470652	0	0	0	0	0	0	
MLX	0	0	0	0	0	9.520287	0	0	0	0	0	0	
MMP1	-1.7911397	0	0	0	0	0	0	0	0	0	0	0	
MMP10	0	0	0	0	0	0	0	-2.1985128	0	-1.705704	0	0	
MMP3	-2.0446806	0	0	0	0	0	0	0	0	0	0	0	
MNAT1	0	0	0	0	0	0	0	0	0	0	0	11.412843	
MPDZ	0	0	0	0	0	5.3156905	0	0	0	0	0	0	
MRPL50	0	0	0	0	0	0	8.678787	0	0	0	0	0	
MRPS11	0	0	0	0	0	14.935134	0	0	0	0	0	0	
MSC	8.00926	0	0	0	0	0	0	0	0	0	0	0	
MSX1	0	0	0	0	0	0	0	-2.2358518	0	0	0	0	
MT1F	-6.3701878	0	0	0	0	0	0	0	0	0	0	0	
MT1G	-9.76958	0	0	0	0	0	0	0	0	0	0	0	
MT1H	-2.4629533	0	0	0	0	0	0	-2.22202	0	0	0	0	
MTG1	0	0	0	0	0	8.632033	0	0	0	0	0	0	
MTHFD1	0	0	0	0	0	8.769089	0	0	0	0	0	0	
MTO1	0	0	0	0	0	2.0047076	0	0	0	0	0	0	
MTUS1	0	0	0	0	1.6123424	-1.618027	0	0	0	0	0	0	
MX1	0	0	0	0	0	-3.2597156	0	0	0	0	0	0	
MXD4	0	0	0	0	0	0.054728735	0	0	0	0	0	0	
MYADM	0	0	5.2679358	0	0	0	0	0	0	0	0	0	
MYB	0	0	0	0	0	-3.1305914	0	0	0	0	0	0	
MYBL1	0	0	0	0	0	0	0	0	0	0	-0.57098734	0	
MYC	0	0	0	0	0	0	7.1848135	10.205753	9.47927	0	0	0	
MYL3	0	0	0	0	0	-2.7112813	0	0	0	0	0	0	
MYL9	0	0	0	0	0	5.6762347	0	0	0	0	0	0	
MYO1B	0	0	0	0	0	9.160556	0	0	0	0	0	0	
N4BP1	0	0	0	0	0	1.5001167	0	0	0	0	0	0	
N4BP2	0	0	0	0	0	0.7444569	0	0	0	0	0	0	
N4BP2L2	0	0	14.4623785	0	0	0	0	0	14.991259	0	0	0	
NAB2	0	0	0	0	0	0	0	0	8.857009	0	0	0	
NACAP1	0	0	0	0	0	0	0	0	-1.4394691	0	0	0	
NAMPT	10.947736	0	0	0	0	0	0	0	0	15.117908	9.962315	0	
NAPA	0	4.8441358	0	0	0	0	0	0	0	0	0	0	
NAV1	0	0	0	0	0	0	13.1463	0	0	0	0	0	
NAV2	3.5749125	0	0	0	0	0	0	0	0	0	0	0	
NBN	0	0	0	0	0	0	0	0	0	5.233599	0	0	
NCOA7	11.9387455	0	0	0	0	0	0	0	0	0	0	0	
NDUFA9	0	0	0	0	0	9.784772	0	0	0	0	0	0	
NDUFS6	0	0	0	0	0	13.39579	0	0	0	0	0	0	
NEAT1	16.102757	0	5.881777	-10.42374	19.07508	6.3121734	0	0	0	0	0	0	
NEBL	0	0	0	0	0	-3.345619	0	0	0	0	0	0	
NECAP1	0	0	0	0	0	1.9805892	0	0	0	0	0	0	
NEDD9	0	0	0	0	0	0	3.9889824	0	4.669114	0	0	0	
NEK4	0	0	0	0	0	-1.0245572	0	0	0	0	0	0	
NET1	0	0	0	0	0	0	0.6701431	0	0	0	0	0	
NFATC1	-1.4265027	0	0	0	0	0	-1.5429242	-1.8429946	0	0	0	0	
NFATC3	0	0	0	0	0	0.28661713	0	0	0	0	0	0	
NFKB1	4.7808185	0	0	0	0	0	0	3.9657717	0	3.4266012	0	0	
NFKB2	-2.1311336	0	0	0	0	0	0	-2.0793328	0	-1.7825608	0	0	
NFKBIA	4.867254	0	0	0	0	0	0	7.208029	0	5.5915036	0	0	
NFKBIE	-1.3595809	0	0	0	0	0	0	0	0	0	0	0	
NFKBIZ	20.085659	0	0	0	27.169151	10.4381275	17.335075	0	0	16.941065	0	0	
NINJ1	8.456841	0	0	0	0	0	0	0	0	0	0	0	
NIP7	0	0	0	0	0	12.404471	0	0	0	0	0	0	
NIPAL3	0	0	0	0	0	3.7070904	0	0	0	0	0	0	
NKX3-1	1.8408803	0	0	0	0	0	0	3.3444743	0	0	0	0	
NLN	0	0	0	0	-1.7276341	0	0	0	0	0	0	0	
NMB	-1.1186584	0	0	0	0	0	0	0	0	0	0	0	
NME7	0	0	0	0	0	0	13.058741	0	0	0	0	0	
NNMT	0	0	0	0	0	0	0	15.268055	0	0	0	0	
NR3C1	0	0	0	0	0	8.968923	0	0	0	0	0	0	
NR4A1	0	0	0	0	1.6657164	0	0	0	0.32983458	0	-0.05646155	0	
NR4A2	0	0	0	0	5.9254413	0.207255	0	0	3.4120252	0	2.454752	0	
NR4A3	-1.8760257	0	0	0	0	0	0	0	-2.4028513	-1.9007384	0	0	
NRIP1	0	0	0	0	0	0	0	0	0	0	1.9214653	0	
NT5E	0	0	0	0	0	10.998735	0	0	0	0	0	0	
NUCB1	0	5.549203	0	0	0	0	0	0	0	0	0	0	
NUDT17	0	0	0	0	0	-1.6731188	0	0	0	0	0	0	
NUDT21	0	0	0	0	0	8.413604	0	0	0	0	0	0	
NUFIP2	0	0	0	0	0	2.491093	0	0	0	0	0	0	
NUP50	0	0	0	0	2.8411074	0	0	0	0	0	0	0	
NXT2	0	0	0	0	0	0.8576474	0	0	0	0	0	0	
OAS1	0	0	0	0	0	-2.8391063	0	0	0	0	0	0	
OAS2	0	0	0	0	0	-3.2498314	0	0	0	0	0	0	
OASL	0	0	0	0	0	-3.3578935	0	0	0	-1.4643404	0	0	
OCEL1	0	0	0	0	0	-1.3162918	0	0	0	0	0	0	
OGDH	0	0	0	0	0	1.6448886	0	0	0	0	0	0	
OPHN1	0	0	0	0	0	3.8405724	0	0	0	0	0	0	
ORAI3	0	0	0	0	0	5.105779	0	0	0	0	0	0	
ORMDL3	0	0	0	0	0	0.11618702	0	0	0	0	0	0	
OSR1	-1.445617	0	0	0	0	0	0	0	0	0	0	0	
OSR2	-1.2790587	0	0	0	0	0	-2.4146366	0	0	0	0	0	
OXSM	0	0	0	0	0	1.0237149	0	0	0	0	0	0	
OXTR	0	0	0	0	0	0	0	0	0	0	2.1242907	0	
PAK1IP1	0	0	0	0	0	10.223164	0	0	0	0	0	0	
PALM2-AKAP2	0	0	0	0	0	0	0	0	0	-4.7208138	0	0	
PAPPA	0	0	0	0	0	-2.425631	0	0	0	0	0	0	
PAPSS2	0	0	0	0	0	2.8695395	0	0	0	0	0	0	
PCBP2	0	0	13.320805	0	0	0	0	0	10.147629	0	0	0	
PCDH18	11.25466	0	0	0	0	0	0	0	0	0	0	0	
PCF11	0	0	0	0	0	0	0	0	0	0	3.7071304	0	
PCNA	0	0	0	0	0	0	0	0	0	0	0	32.45231	
PDAP1	0	0	0	0	0	3.468887	0	0	0	0	0	0	
PDCD4	0	0	0	0	0	17.4846	0	0	0	0	0	0	
PDGFA	0	0	0	0	0	0	9.795413	0	0	0	0	0	
PDK2	0	0	0	0	0	0.31449124	0	0	0	0	0	0	
PDK3	0	0	0	0	0	-2.3609495	0	0	0	0	0	0	
PDLIM4	-2.0024319	0	0	0	0	0	1.7946551	0	0	0	0	0	
PDLIM5	0	0	0	0	0	0	0	0	9.869523	0	0	0	
PECR	0	0	0	0	0	-0.8165838	0	0	0	0	0	0	
PELI1	0	0	0	0	0	0	0	0	0	-0.036352016	0	0	
PFKFB3	0	0	0	0	-0.95900303	0	0	0	0	0	0	0	
PFKFB4	0	0	0	0	0	-2.6410017	0	0	0	0	0	0	
PGM2L1	4.4391117	0	0	0	0	0	0	0	0	0	0	0	
PHC1	0	0	0	0	0	0	0	0	0	0	0	0.4158336	
PHC2	0	0	0	0	0	6.6581473	0	0	0	0	0	0	
PHF10	0	0	0	0	0	2.381047	0	0	0	0	0	0	
PHF23	0	0	0	0	0	0	0	0	0	3.8917408	0	0	
PHIP	0	0	0	0	0	4.547625	0	0	0	0	0	0	
PHLDA1	4.359194	5.241381	0	0	0	8.058135	8.862394	5.2377434	5.199345	0	9.148034	0	
PHLDA2	0	0	0	0	0	2.9788988	0	0	4.562205	6.3915787	0	0	
PIAS1	0	0	0	0	0	11.394329	0	0	0	0	0	0	
PIM1	4.2669377	3.941338	0	0	0	0	1.908149	0	0	0	0	0	
PIM3	-1.0796741	0	0	0	0	0	0	0	0	-0.492681	0	0	
PKIA	0	0	0	0	0	-0.7842898	0	0	0	0	0	0	
PKMYT1	0	0	0	0	0	0	0	0	0	0	0	7.934975	
PLAT	0	0	0	0	0	6.484932	0	0	0	0	0	0	
PLAU	3.0401213	0	0	0	0	9.369552	10.46043	-1.1910899	0	-3.68938	0	0	
PLAUR	0	0	0	0	0	0	11.14459	15.201069	10.945565	17.647587	0	0	
PLD1	8.830797	0	0	0	0	1.1607283	0	0	0	8.28567	0	0	
PLK2	9.581786	0	0	0	0	0	0	0	0	0	0	0	
PLK3	1.917743	0	0	0	0	0	0	0	0	0	0	0	
PLSCR1	0	11.996679	0	0	0	9.709257	0	0	0	0	0	0	
PLXNB2	0	0	0	0	0	2.3569524	0	0	0	0	0	0	
PM20D2	0	0	0	0	0	-2.3735273	0	0	0	0	0	0	
PMAIP1	8.304118	8.931529	0	9.457866	0	5.7050714	0	10.658037	8.307057	11.997901	6.493159	0	
PMEPA1	0	0	0	0	0	0	2.247206	0	0	0	0	0	
PNRC1	7.8467255	0	0	0	0	6.673892	0	0	0	0	0	0	
POGZ	0	0	0	0	0	7.2871814	0	0	0	0	0	0	
POLR2D	0	0	0	0	0	12.873183	0	0	0	0	0	0	
POLR2E	0	8.612136	17.634617	0	0	0	0	0	0	0	0	0	
POLR2J4	0	0	0	0	0	1.3271863	0	0	0	0	0	0	
PPARG	0	0	0	0	0	-2.0522525	0	0	0	0	0	0	
PPDPF	0	0	0	0	0	-0.72686416	0	0	-0.93123835	0	0	0	
PPIA	0	0	0	0	0	10.1506605	0	0	0	0	0	0	
PPIF	0	0	0	0	0	0	0	5.111668	0	0	0	0	
PPM1K	0	0	0	0	0	-0.025631798	0	0	0	0	0	0	
PPP1R10	0	0	0	0	0	5.6620817	0	0	0	0	5.900688	0	
PPP1R15A	5.3968263	0	0	0	0	0	0	4.7810855	7.1715155	3.78195	0	0	
PPP1R15B	9.911271	0	0	0	0	0	0	0	0	0	0	0	
PPP1R3B	0.38949814	0	0	0	0	0	0	0	0	0	0	0	
PPP1R3C	-2.2010255	0	0	0	0	0	-0.66136324	0	0	0	0	0	
PPP2R2D	0	0	0	0	0	4.688251	0	0	0	0	0	0	
PRICKLE1	0	0	0	0	0	0	3.8940377	0	0	0	0	0	
PRNP	0	0	0	4.4222064	0	0	0	0	0	0	0	0	
PROSC	0	0	0	0	0	7.1935043	0	0	0	0	0	0	
PRPF4	0	0	0	0	0	3.704448	0	0	0	0	0	0	
PRPS1	0	0	0	0	0	0	0.6149221	0	0	0	0	0	
PSMB9	0	1.8489618	0	0	0	0	0	0	0	0	0	0	
PTBP1	0	0	4.5020533	0	0	0	0	0	0	0	0	0	
PTBP2	0	0	0	0	0	6.6418047	0	0	0	0	0	0	
PTEN	0	0	10.128175	0	0	0	0	0	0	0	0	0	
PTGER4	0	0	0	0	0	-1.5323434	-1.4761204	0	0	0.38728258	0	0	
PTGES	-1.9451754	0	0	0	0	0	0	0	0	0	0	0	
PTGS2	-1.2855263	0	0	0	-0.83116513	0	-2.559752	-1.2172458	-2.3724618	-0.29453912	0	0	
PTK6	0	0	0	0	0	-3.5846477	0	0	0	0	0	0	
PTMA	0	0	0	8.377012	0	0	0	0	0	0	0	0	
PTP4A1	0	0	0	0	0	8.447085	0	0	7.582282	0	0	0	
PTPN1	-0.0117633045	0	0	0	0	0	0	0	0	0	0	0	
PTPN11	0	0	0	0	0	6.6398106	0	0	0	0	0	0	
PTPRC	0	-2.0400734	0	0	0	0	0	0	0	0	0	0	
PTPRE	0	0	0	0	0	1.5776283	0	0	0	0	0	0	
PTPRO	0	0	0	0	0	0	0	0	0	0	-1.5262893	0	
PTX3	0	0	0	0	0	0	0	12.602424	0	0	0	0	
PXDN	0	0	0	0	0	10.5560465	0	0	0	0	0	0	
PXN	0	0	0	0	0	7.415165	0	0	0	0	0	0	
PYCARD	0	0	0	0	0	-12.447885	0	0	0	0	0	0	
RAB2A	0	0	0	0	0	0	0	0	0	0	7.5407495	0	
RALA	0	2.1617768	0	0	0	0	0	0	0	0	0	0	
RANBP3	0	0	0	0	0	2.405421	0	0	0	0	0	0	
RAP1A	0	0	6.319785	0	0	4.9496875	0	0	0	0	0	0	
RAP2C	11.349212	0	0	0	0	0	0	0	0	0	0	0	
RAPGEF1	0	-5.7122664	0	0	0	0	0	0	0	0	0	0	
RAPGEF2	0	0	0	0	0	0	0	0	0	3.5050342	0	0	
RARRES3	0	6.471907	0	0	0	1.1840091	0	0	0	0	0	0	
RASEF	0	0	4.6364074	0	0	0	0	0	0	0	0	0	
RASL11B	0	0	0	0	0	0	-2.5288227	0	0	0	0	0	
RB1	0	0	0	0	0	0	0	0	0	0	0	2.9466991	
RBBP6	0	0	0	0	4.2571983	7.0328884	0	0	0	0	0	0	
RBL1	0	0	0	0	0	0	0	0	0	0	0	7.816745	
RBL2	0	0	0	0	0	4.8560214	0	0	0	0	0	0.7463501	
RCAN1	3.0992599	0	0	0	2.2985187	0	0	3.489558	0	3.8193054	0	0	
RDH11	0	0	0	0	0	13.6261425	0	0	0	0	0	0	
RECK	0	6.519291	0	0	0	0	0	0	0	0	0	0	
REEP3	0	0	0	0	0	15.395069	0	0	0	0	0	0	
REL	-1.0714476	0	0	0	0	0	0	-0.7599894	0	0	0	0	
RELB	-1.1145424	0	0	0	0	0	0	-1.2859237	0	-1.0474732	0	0	
REV3L	9.711389	0	0	0	0	10.204492	12.121954	0	0	0	0	0	
RFX5	0	0	0	0	0	0.59734905	0	0	0	0	0	0	
RGS16	0	0	0	0	0	0	-2.5648415	0	0	0	0	0	
RGS19	0	0	0	0	0	0	-1.2584074	0	0	0	0	0	
RGS2	0	0	0	0	0	11.40521	0	0	0	0	0	0	
RGS3	5.359648	0	0	0	0	0	7.4729104	0	0	0	0	0	
RGS4	15.271828	0	0	0	0	0	0	0	0	0	0	0	
RGS5	0	0	0	0	-0.30730012	-1.5794129	0	0	0	0	0	0	
RHOB	4.976936	0	0	0	0	0	6.4843583	0	6.4038687	0	7.734718	0	
RHOBTB3	0	0	0	0	0	10.591356	0	0	0	0	0	0	
RIMKLB	0	0	0	0	5.127123	0	0	0	0	0	0	0	
RING1	0	0	0	0	0	0	0	0	0	0	0	-0.120147154	
RIOK3	0	0	0	0	0	9.905333	0	0	0	0	0	0	
RIPK2	3.1018689	1.8420371	0	0	0	0	0	3.4260507	0	0	0	0	
RMI1	0	0	0	0	0	0.69507724	0	0	0	0	0	0	
RND1	0	0	0	0	0	0	0	-1.1444708	0	-1.2718768	0	0	
RND3	0	10.465238	0	0	0	0	0	10.277144	0	0	0	0	
RNF103	-0.27380583	0	0	0	0	0	0	0	0	0	0	0	
RNF11	0	0	0	0	0	6.1088524	0	0	0	0	0	0	
RNF138	0	0	0	0	0	2.5827405	0	0	0	0	0	0	
RNF19B	0	0.14172615	0	0	0	0	0	0.02652838	0	0	0	0	
RNFT1	0	0	0	0	0	7.9509654	0	0	0	0	0	0	
RPE	0	0	0	0	0	7.6149654	0	0	0	0	0	0	
RPL13	0	0	0	0	0	9.726818	0	0	0	0	0	0	
RPL37A	0	0	0	0	0	0	0	0	-9.870495	0	0	0	
RPL38	0	0	25.113594	0	0	0	0	0	16.754637	0	0	0	
RPLP2	0	0	17.517923	0	0	0	0	0	0	0	0	0	
RPRD1A	0	0	0	0	0	2.3633785	0	0	0	0	0	0	
RPS11	0	0	18.210205	0	0	0	0	0	11.29927	0	0	0	
RPS2	0	0	0	0	0	12.8464	0	0	11.386723	0	0	0	
RPS6	0	0	0	0	0	2.3629897	0	0	0	0	0	0	
RPS6KB1	0	0	0	0	0	6.2723713	0	0	0	0	0	0	
RRAD	-1.9772054	0	0	0	0	0	0	0	0	0	0	0	
RRM2	0	0	0	28.444733	0	1.1263554	0	0	0	0	0	0	
RSAD2	0	-2.033506	0	0	0	0	0	0	0	0	0	0	
RUNX1T1	8.396632	0	0	0	0	0	0	0	0	0	0	0	
RUNX3	0	0	0	0	0	0	-2.6610897	0	0	-1.551565	0	0	
RXRA	0	0	0	0	0	-2.0687296	0	0	0	0	0	0	
S100A16	0	0	0	0	0	15.926588	0	0	0	0	0	0	
S100A6	0	0	0	0	0	1.2420245	0	0	0	0	0	0	
S100P	0	0	0	0	0	-3.3190281	0	0	0	0	0	0	
SAMD10	0	0	0	0	0	-3.2339332	0	0	0	0	0	0	
SAMD4A	1.4508125	0	0	0	0	0	0	0	0	0	0	0	
SAV1	0	0	0	0	0	0	0	0	0	-0.38669562	0	0	
SBNO2	0	-1.2932818	0	0	0	0	0	0	0	0	0	0	
SCAMP1	0	0	0	0	0	0	0	0	0	0	13.7934065	0	
SCD	0	0	0	0	0	0	12.450562	0	0	0	0	0	
SDC4	21.048506	0	0	0	0	0	0	21.896652	0	19.802025	0	0	
SEC23B	0	0	0	0	0	2.3151565	0	0	0	0	0	0	
SEC62	0	0	0	0	0	8.537935	0	0	0	0	0	0	
SECTM1	0	-2.535647	0	0	0	0	0	0	0	0	0	0	
SEMA3C	0	0	0	0	0	8.699662	0	0	0	0	0	0	
SERPINA1	0	0	0	0	0	-3.062674	0	0	0	0	0	0	
SERPINB8	3.109439	0	0	0	0	0	0	0	0	0	0	0	
SERPINB9	0	0	0	0	0	0	0	0	0	0	-2.4608114	0	
SERPING1	0	4.617411	0	0	0	0	0	0	0	0	0	0	
SERTAD1	0	0	0	0	0	0	0	0	0	0	0	0.20591848	
SERTAD2	-5.1738496	0	0	0	0	0	0	-5.174577	0	0	0	0	
SETD5	0	0	0	0	0	9.524239	0	0	0	0	0	0	
SFRP1	0	0	0	0	0	-2.8158035	0	0	0	0	0	0	
SGCG	0	0	0	0	0	-2.3725228	0	0	0	0	0	0	
SGK1	0	19.888456	0	0	0	0	0	0	0	0	0	0	
SGPP1	0	0	0	0	0	-1.5579077	0	0	0	0	0	0	
SGPP2	0	0	0	0	0	0	0	0	0	-1.4116406	0	0	
SGTA	0	0	0	0	0	-0.81401974	0	0	0	0	0	0	
SH3BGRL	0	0	0	0	0	18.331074	0	0	0	0	0	0	
SIAH2	0	0	0	0	0	0	0	0	0	-0.72007984	0	0	
SIK1	0	0	0	0	-1.4247855	0	3.9222097	0	-0.56762546	0	0	0	
SIK2	0	0	0	0	0	-1.4534689	0	0	0	0	0	0	
SIN3B	0	0	0	0	0	0	0	0	0	0	0	1.0727149	
SIRPA	2.8900058	0	0	0	0	0	0	0	0	0	0	0	
SLA	0	-2.0982764	0	0	0	0	0	0	0	0	0	0	
SLAMF7	0	0	0	0	0	0	0	0	0	-1.6136796	0	0	
SLC12A7	-2.037171	0	0	0	0	0	0	-2.1537054	0	0	0	0	
SLC16A3	0	-1.1315581	0	0	0	0	0	0	0	0	0	0	
SLC16A6	0	0	0	0	0	0	-2.790754	0	0	0	0	0	
SLC19A2	-0.31061256	0	0	0	0	0	0	0	0	0	0	0	
SLC22A18AS	0	0	0	0	0	-3.344447	0	0	0	0	0	0	
SLC25A24	0	0	3.4744751	0	0	0	0	0	0	0	0	0	
SLC25A37	18.543175	0	0	0	0	0	0	0	0	0	0	0	
SLC26A2	0	0	0	0	0	1.1537533	0	0	0	0	0	0	
SLC2A1	3.1825798	0	0	0	0	0	0	0	0	0	0	0	
SLC2A3	0	11.402282	0	0	0	0	11.434065	0	0	0	13.727486	0	
SLC2A3P1	0	0	0	0	0	-1.7791005	0	0	0	0	0	0	
SLC2A6	-1.8601799	0	0	0	0	0	0	0	0	0	0	0	
SLC30A1	0	0	0	0	0	-0.15172434	0	0	0	0	0.50811064	0	
SLC30A5	0	0	0	0	0	2.907254	0	0	0	0	0	0	
SLC35A3	0	0	0	0	0	0.27426058	0	0	0	0	0	0	
SLC35C1	0	0	0	0	0	0.9937273	0	0	0	0	0	0	
SLC39A14	3.0421314	0	0	0	0	0	0	0	0	0	0	0	
SLC39A6	0	0	0	0	0	7.879406	0	0	0	0	0	0	
SLC39A8	-1.0422934	0	0	0	0	0	0	0	0	0	0	0	
SLC4A7	0	0	0	0	0	6.360159	0	0	7.0531282	0	0	0	
SLC5A5	0	0	0	0	0	-3.1958716	0	0	0	0	0	0	
SLC7A2	-3.0155804	0	0	0	0	0	0	0	0	0	0	0	
SLC7A5	1.0550487	0	0	0	0	0	3.3724227	0	0	0	0	0	
SLCO4C1	0	0	0	0	0	-3.4222875	0	0	0	0	0	0	
SMAD3	0	0	0	0	0	0	0	3.5569105	0	0	0	0	
SMAD4	0	0	0	0	0	4.97653	0	0	0	0	0	0	
SMAD7	0	0	0	0	0	0	0.91995364	0	0	0	0	0	
SMARCA4	0	0	0	0	0	3.6265428	0	0	0	0	0	0	
SMC3	0	0	0	0	0	0	0	0	6.8697314	0	0	0	
SMC5	0	0	0	0	0	7.2021255	0	0	0	0	0	0	
SMCHD1	0	0	0	0	0	8.38357	0	0	0	0	0	0	
SMYD2	0	0	0	0	0	0.49217704	0	0	0	0	0	0	
SNAI2	0	0	0	0	0	0	10.60425	0	0	0	0	0	
SNHG8	0	0	0	0	0	13.789381	0	0	0	0	0	0	
SNRPA1	0	0	0	17.757372	0	0	0	5.568959	0	0	0	0	
SNRPD1	0	0	0	12.393547	0	0	0	0	0	0	0	0	
SNRPF	0	0	0	6.766438	0	0	0	0	0	0	0	0	
SNTB2	0	0	0	0	0	5.590944	0	0	0	0	0	0	
SNX16	0	0	0	0	0	-1.9663265	0	0	0	0	0	0	
SNX24	0	0	0	0	0	5.208596	0	0	0	0	0	0	
SOAT1	0	0	0	0	0	2.9571407	0	0	0	0	0	0	
SOCS1	0	-2.034175	0	0	0	0	0	0	0	-1.5479373	0	0	
SOCS3	-0.104576476	-0.18139873	0	0	0	0	0	0	0	-0.56048656	0	0	
SOCS5	0	0	0	0	0	0	0	0	0	0	3.156847	0	
SOD2	8.030573	0	0	0	0	0	0	8.2369585	0	5.980558	0	0	
SOX17	0	0	0	0	-1.3695983	0	0	0	0	0	0	0	
SOX9	0	0	0	0	0	1.6316043	1.6140428	0	2.4698043	0	0	0	
SP110	0	0	0	0	0	4.335306	0	0	0	0	0	0	
SPAG5	0	0	0	0	0	-1.3301139	0	0	0	0	0	0	
SPDEF	0	0	0	0	0	-3.4011507	0	0	0	0	0	0	
SPEN	0	0	0	0	0	0	3.9599693	0	0	0	0	0	
SPHK1	0	0	0	0	0	0	-0.841261	0	0	0	0	0	
SPRED2	0	0	-1.1617938	0	0	0	0	0	0	0	0	0	
SPRY2	0	0	0	0	0	7.3795424	0	0	0	0	9.716232	0	
SPSB1	-1.0702873	0	0	0	0	0	0	0	0	0	0	0	
SQSTM1	7.6941175	0	0	0	0	0	0	7.1201982	0	0	0	0	
SRC	0	0	0	0	0	-2.0594893	0	0	0	0	0	0	
SREBF1	0	0	0	0	0	-1.5876927	0	0	0	0	0	0	
SRF	0	0	0	0	0	0	0	0	1.8342118	0	0	0	
SRRM2	0	0	0	0	0	10.789442	0	0	0	0	0	0	
STARD4	0	0	0	0	0	0	0	0	0	8.141306	0	0	
STAT1	0	3.9444249	0	0	0	6.0057406	0	0	0	0	0	0	
STAT2	0	0	0	0	0	18.699316	0	0	0	0	0	0	
STAT4	0	0	0	0	0	0	0	0	0	-1.4639043	0	0	
STC1	0	0	0	0	0	-0.9399323	0	0	-1.1174239	0	0	0	
STC2	4.3994546	0	0	0	0	3.7627957	0	0	0	0	0	0	
STK38L	0	0	0	0	0	0	4.6840396	0	0	0	0	0	
STOML1	0	0	0	0	0	-3.1510355	0	0	0	0	0	0	
STRBP	0	0	0	0	0	-1.0975196	0	0	0	0	0	0	
STS	0	0	0	0	0	-2.0295215	0	0	0	0	0	0	
STT3B	0	0	0	0	0	8.694945	0	0	0	0	0	0	
STX6	0	0	0	0	0	0	0	0	0	0.013397231	0	0	
SUPT16H	0	0	0	0	0	12.522275	0	0	0	0	0	0	
SUV39H1	0	0	0	0	0	0	0	0	0	0	0	2.7781034	
SUV420H1	0	0	0	0	0	0	0	0	0	0	6.312402	0	
SYDE2	0	0	0	0	0	-1.3758497	0	0	0	0	0	0	
SYNJ2	0	0	0	0	0	6.016815	0	0	0	0	0	0	
TAF2	0	0	0	0	0	7.2043805	0	0	0	0	0	0	
TAGLN	0	0	0	0	0	13.641403	0	0	0	0	0	0	
TANK	0	0	0	0	0	17.352419	0	0	0	0	0	0	
TAP1	0.45168447	-0.539091	0	0	0	0	0	0	0	0	0	0	
TAP2	0	-0.810393	0	0	0	0	0	0	0	0	0	0	
TAX1BP1	0	0	0	0	0	10.241405	0	0	0	0	0	0	
TAX1BP3	0	0	0	0	0	13.8283	0	0	0	0	0	0	
TBX2	0	0	0	0	0	-3.07344	0	0	0	0	0	0	
TCF25	0	0	0	0	0	10.764951	0	0	0	0	0	0	
TCF3	0	0	0	0	0	0.67333865	0	0	0	0	0	0	
TCF7	0	0	0	0	0	-1.6122259	0	0	0	0	0	0	
TESK2	0	0	0	0	0	-2.831093	0	0	0	0	0	0	
TFDP1	0	0	0	0	0	0	0	0	0	0	0	14.378145	
TFDP2	0	0	0	0	0	0	0	0	0	0	0	6.8005543	
TFPI2	-0.49630547	0	0	0	0	-2.3699446	0	0	0	0	0	0	
TGIF1	0	0	0	0	0	0	11.1367655	0	0	0	0	0	
TGM2	0	0	0	0	0	-1.0138265	0	0	0	0	0	0	
THAP10	0	0	0	0	0	0	0	0	0	0	-1.5776564	0	
THBS1	-1.1709192	0	0	0	0	0	0	0	0	-9.432399	0	0	
THTPA	0	0	0	0	0	-1.6292789	0	0	0	0	0	0	
TIFA	-1.7371846	0	0	0	0	0	0	0	0	0	0	0	
TIMP3	0	0	0	0	0	9.808858	15.492279	0	0	0	0	0	
TIPARP	13.126163	0	0	0	0	0	0	0	15.204769	0	0	0	
TJP2	-0.5259374	0	0	0	0	0	0	0	0	0	0	0	
TLR1	0	0	0	0	0	0	0	0	0	-1.2627403	0	0	
TMED7	0	0	0	0	0	9.913759	0	0	0	0	0	0	
TMEFF1	0	0	0	0	0	0	0	0	0	0	-1.7693454	0	
TMEM171	-1.1989013	0	0	0	0	0	0	0	0	0	0	0	
TMEM38B	0	0	0	0	0	-0.14026192	0	0	0	0	0	0	
TMEM50A	0	0	0	0	0	14.873965	0	0	0	0	0	0	
TNC	0.2755619	0	0	0	0	0	0	0	0	0	0	0	
TNF	0	-2.0311725	0	0	0	0	0	-2.021301	0	-1.5327827	0	0	
TNFAIP3	-1.5773925	-1.3575383	0	-1.3149611	0	0	-1.2114197	-1.6251112	0	-1.685829	0	0	
TNFAIP6	15.115718	0	0	0	0	0	9.104435	15.264199	0	17.04656	0	0	
TNFAIP8	3.3997679	0	0	0	0	0	0	5.149853	0	5.8580046	0	0	
TNFRSF10B	6.139645	0	0	0	0	0	0	0	0	0	0	0	
TNFRSF11B	0	0	0	0	0	-0.6607747	0	0	0	0	0	0	
TNFRSF12A	0	0	0	0	0	0	9.481739	11.70576	11.939053	0	0	0	
TNFRSF21	0	0	0	0	0	-3.4970374	0	0	-2.8907244	0	0	0	
TNFRSF9	0	0	0	0	0	0	0	-1.9046073	0	-1.2853385	0	0	
TNFSF10	0	-1.7451754	0	0	0	-3.270434	0	0	0	0	0	0	
TNFSF15	-0.7737671	0	0	0	0	0	0	-1.1680526	0	0	0	0	
TNFSF9	-2.0702794	0	0	0	0	0	0	0	0	0	0	0	
TNIP1	-1.5684543	0	0	0	0	0	0	-2.845896	0	-4.475906	0	0	
TNK1	0	0	0	0	0	-3.4012165	0	0	0	0	0	0	
TNPO3	0	0	0	0	0	4.047103	0	0	0	0	0	0	
TNRC6B	0	0	0	0	0	6.0473285	0	0	0	0	0	0	
TOPBP1	0	0	0	0	0	0	0	0	0	0	0	9.976596	
TP53	0	0	6.7645316	0	0	0	0	0	0	0	0	2.5661337	
TP53INP2	-3.715594	0	0	0	0	0	0	0	0	0	0	0	
TPBG	0	0	0	-0.7709989	0	0	0	0	0	0	0	0	
TPM1	0	0	0	0	0	0	7.940776	0	0	0	0	0	
TRA2A	0	0	0	0	0	0	0	0	10.556723	0	0	0	
TRAF1	-1.7305226	0	0	0	0	0	0	-1.8285183	0	-1.2952164	0	0	
TRIB1	0	1.6776989	-0.416425	0	0.9339421	0	0	2.818151	0.9637682	0	-0.25451824	0	
TRIB2	5.5124807	0	0	0	0	0	0	0	0	0	0	0	
TRIM25	0	3.8998268	0	0	0	0	0	0	0	0	0	0	
TRIM47	-1.2798485	0	0	0	0	0	0	0	0	0	0	0	
TRIO	0	0	0	0	0	9.167626	0	0	0	0	0	0	
TRIP10	0	0	0	0	0	0	0	0	0	2.1457505	0	0	
TRMT2B	0	0	0	0	0	-1.02501	0	0	0	0	0	0	
TRRAP	0.09965587	0	0	0	0	0	0	0	0	0	0	0	
TSC22D1	19.766695	0	0	0	0	0	0	0	0	0	0	0	
TSC22D3	-1.4395752	0	0	0	0	0	0	0	0	0	0	0	
TSPAN13	0	0	0	0	0	-3.1769805	0	0	0	0	0	0	
TSPAN3	0	0	0	0	0	17.743006	0	0	0	0	0	0	
TUBB2A	-1.2094046	0	0	0	0	0	3.498569	0	0	0	0	0	
TWIST1	0	0	0	0	0	0	5.786256	0	0	0	0	0	
TYMP	-1.6052827	0	0	0	0	0	0	0	0	0	0	0	
TYSND1	0	0	0	0	0	-0.83182317	0	0	0	0	0	0	
U2AF2	0	0	0	0	0	0.33476895	0	0	0	0	0	0	
UBE2L6	0	0	0	0	0	7.5230274	0	0	0	0	0	0	
UBE2Z	0	0	0	0	0	5.6168847	0	0	0	0	0	0	
UBTD2	0.24684255	0	0	0	0	0	0	0	0	0	0	0	
UGCG	0	0	0	0	0	0	15.766263	0	0	0	14.977813	0	
UGGT1	0	0	0	0	0	4.2697144	0	0	0	0	0	0	
UGP2	1.0232626	0	0	0	0	0	0	0	0	0	0	0	
UPK2	0	0	0	0	0	-2.9220197	0	0	0	0	0	0	
UPK3B	0	0	0	0	0	-3.000806	0	0	0	0	0	0	
UPP1	0	0	0	0	0	0	0	9.939778	0	0	0	0	
UQCRB	0	0	20.841965	0	0	0	0	0	0	0	0	0	
USF2	0	0	0	0	0	-1.3990766	0	0	0	0	0	0	
USP12	-0.8517026	0	0	0	0	0	0	0	0	0	0	0	
USP18	0	0	0	0	0	-1.867244	0	0	0	0	0	0	
UXS1	0.047267485	0	0	0	0	0	0	0	0	0	0	0	
VAMP5	0	2.2553742	0	0	0	0	0	0	0	0	0	0	
VCAM1	10.565477	0	0	0	0	2.579209	0	10.693702	0	0	0	0	
VDR	0	0	0	0	0	0	2.2850826	0	0	0	0	0	
VEGFA	0	7.877441	4.7243657	0	0	0	4.8268194	8.814377	0	0	4.58296	0	
VGLL4	0	0	0	0	0	2.8603833	0	0	0	0	0	0	
VPS35	0	0	0	0	0	12.67355	0	0	0	0	0	0	
WAC	0	0	0	0	0	9.523673	0	0	0	0	0	0	
WARS	0	10.13741	0	0	0	0	0	0	0	0	0	0	
WASL	0	0	0	0	0	0	0	0	4.7776637	0	5.613798	0	
WDFY3	0	0	0	0	0	6.031868	0	0	0	0	0	0	
WDR1	0	0	0	0	0	0	0	0	9.274372	0	0	0	
WEE1	5.460551	0	0	0	0	0	0	0	7.925533	0	0	12.28344	
WTAP	10.368659	0	0	0	0	0	0	9.7100315	0	0	0	0	
XAF1	0	0	0	0	0	0	0	0	0	7.4693813	0	0	
XBP1	12.982545	0	0	0	0	0	0	0	0	0	0	0	
XIAP	0	0	3.3805208	0	0	5.071268	0	0	0	0	0	0	
YIPF4	0	0	0	0	0	1.5710864	0	0	0	0	0	0	
YRDC	0	0	0	0	0	0	0	0	0.5285405	1.8446476	0	0	
YTHDC2	0	0	0	0	0	0	0	0	0	0	5.102766	0	
ZBTB10	0	0	0	0	0	0	0	-0.1068099	0	-0.5352505	0	0	
ZC3H12A	-0.40468225	0	0	0	0	0	0	-0.8145712	0	-0.2916517	0	0	
ZC3H12C	-1.2742171	0	0	0	0	0	0	0	0	0	0	0	
ZC3HAV1	0	8.734812	0	0	0	0	0	0	0	6.4264016	0	0	
ZDHHC17	0	0	0	0	0	6.644999	0	0	0	0	0	0	
ZDHHC20	0	0	0	0	0	-0.6387392	0	0	0	0	0	0	
ZFP36	10.383645	10.959876	0	0	11.618881	0	6.7590404	10.05236	8.187766	0	0	0	
ZFP36L2	0	21.1698	0	0	0	0	0	0	0	0	0	0	
ZFX	0	0	0	0	0	14.034863	0	0	0	0	0	0	
ZMYND8	0	0	0	0	0	7.86772	0	0	0	0	0	0	
ZNF200	0	0.8020359	0	0	0	0	0	0	0	0	0	0	
ZNF217	0	0	0	0	0	3.7198052	0	0	0	0	0	0	
ZNF267	1.3118894	0	0	0	0	0	0	0	0	0	0	0	
ZNF296	0	0	0	0	0	-3.2954228	0	0	0	0	0	0	
ZNF367	0	0	0	0	0	-2.4857895	0	0	0	0	0	0	
ZNF395	3.5969062	0	0	0	0	0	0	0	0	0	0	0	
ZNF473	0	0	0	0	0	-1.3708781	0	0	0	0	0	0	
ZNF862	0	0	0	0	0	-2.258126	0	0	0	0	0	0	
ZSWIM1	0	0	0	0	0	0.41698644	0	0	0	0	0	0	
ZYX	0	0	0	0	0	0	0	0	15.682147	0	0	0	
